4 3 1.33333
33 4.72727 2.46875
64 4.75 2.84127
40 5.05 3.25641
13 4 2
41 5.12195 3.7
8 3.75 1.42857
32 5.1875 3.16129
46 4.86957 2.8
80 5 2.67089
45 4.44444 2
8 3.25 1.14286
25 4.64 2.20833
20 4.9 2.21053
20 4.8 2.15789
27 4.44444 2.07692
39 4.5641 1.76316
22 4.72727 1.7619
20 4.8 2.52632
17 4.23529 1.5
41 5.07317 2.2
25 4.56 1.75
29 4.55172 2.10714
38 4.63158 2.21622
15 4.53333 1.78571
3 2 1.5
26 5.23077 2.6
38 4.68421 2.97297
20 4.2 1.78947
16 4.125 1.86667
28 5.35714 3.44444
22 4.09091 1.61905
23 4.69565 1.95455
37 4.59459 2.38889
11 4.54545 2.4
3 2 1.5
33 4.84848 2.40625
36 5.83333 3.77143
36 5.27778 3.05714
27 4.07407 2.07692
32 4.8125 1.87097
9 3.55556 1.125
30 4.8 2.48276
39 4.66667 2.44737
14 4 1.61538
22 4.18182 1.80952
19 4.73684 2.16667
15 3.86667 1.42857
24 4.58333 1.82609
20 4.4 1.94737
18 4.55556 2.35294
18 4.11111 2.29412
28 4.07143 1.74074
31 4.70968 2.26667
29 4.48276 1.89286
61 4.32787 3.21667
57 5.26316 4.10714
11 3.63636 1.4
38 4.78947 2.59459
57 4.84211 3.23214
62 4.83871 2.85246
47 4.42553 2.47826
34 4.58824 2.42424
56 5 2.41818
13 4.92308 2.08333
3 2 1
30 4.53333 2.44828
37 4.59459 2.22222
23 4.26087 1.81818
26 4.38462 1.84
17 4.11765 1.9375
20 5.3 2.84211
9 3.55556 1.375
8 3.25 1
2 1 1
28 4.35714 1.88889
36 4.77778 2.34286
97 5.19588 3.32292
63 5.07937 3.25806
28 5.14286 3
64 4.96875 2.80952
67 4.86567 2.31818
21 4.28571 1.9
40 4.95 1.71795
55 4.87273 2.38889
28 4.92857 2.2963
8 3.25 1.28571
36 4.55556 2.8
44 4.90909 2.90698
53 5.01887 2.44231
38 5.42105 3.51351
39 4.92308 2.21053
62 5.09677 3.5082
9 4.22222 2
39 4.92308 2.86842
21 4.85714 3
33 4.48485 1.78125
26 4.53846 1.84
31 4.3871 2
27 4.37037 2
24 4.33333 2.26087
36 4.55556 2.22857
39 4.61538 3.18421
36 4.55556 2.2
19 4.42105 1.72222
68 5.02941 3.37313
28 4.35714 2.14815
22 4.27273 1.95238
20 4.2 2.05263
40 4.4 1.87179
14 4.85714 1.84615
51 5.4902 2.96
62 4.70968 2.42623
55 4.69091 2.03704
35 5.08571 3.29412
35 4.74286 2.76471
7 3.42857 1.66667
2 1 1
20 4.6 2.26316
42 5.14286 3
50 4.64 2.30612
27 4.37037 1.96154
29 4.48276 2.28571
9 3.77778 1.875
2 1 1
30 4.73333 2.51724
14 4.42857 1.92308
34 4.94118 3.30303
24 4.25 1.86957
37 4.75676 3.25
28 4.57143 2.40741
9 3.33333 1
2 1 1
2 1 1
22 4.27273 1.90476
10 3.6 1.33333
25 4.48 2.29167
36 4.61111 2.6
33 5.27273 3.46875
13 3.69231 1.83333
22 4.90909 3.09524
43 4.93023 3.40476
3 2 1
11 3.63636 1.3
2 1 1
3 2 1
39 4.5641 2.23684
52 4.46154 1.58824
15 4.13333 1.35714
21 5.2381 2.3
36 4.61111 1.91429
13 3.69231 1.33333
2 1 1
3 2 1
24 4.08333 2.65217
20 4.3 1.63158
29 4.48276 2.17857
14 3.71429 1.30769
28 4.35714 2.18519
40 4.75 3.10256
29 4.68966 2.25
10 3.8 1.44444
2 1 1
39 4.87179 2.63158
28 5.07143 3.2963
31 5.22581 2.56667
28 4.35714 2.25926
15 4.53333 1.85714
25 4.32 2.08333
11 4.18182 2
42 5.52381 2.5122
13 4.15385 1.75
14 4 1.76923
23 4 1.72727
38 4.47368 2.78378
17 4.11765 2.3125
57 4.66667 2.69643
17 4.23529 1.875
51 6.23529 4.14
50 21.36 16.6939
51 4.86275 3.66
23 5.13043 2.31818
37 5.24324 2.41667
49 4.89796 3.91667
37 4.54054 2.66667
35 6.74286 3.14706
38 4.36842 2.2973
13 3.84615 1.58333
50 5.08 2.67347
17 4.35294 1.875
17 4.58824 2.0625
37 4.54054 2
23 4.69565 1.81818
16 5.25 2.13333
41 4.53659 1.675
43 4.60465 2.16667
193 5.25389 4.76042
62 4.64516 2.7377
51 4.5098 1.86
12 4 1.36364
39 4.41026 1.76316
37 4.7027 2.33333
56 5.21429 2.61818
9 3.77778 1.625
13 3.84615 1.5
26 4.76923 2.04
37 4.54054 2.08333
15 4.26667 1.71429
11 3.63636 1.2
17 4.23529 1.6875
23 4.43478 2
10 4 1.55556
15 4.4 1.71429
2 1 1
14 4.28571 1.53846
63 4.98413 3.08065
71 4.98592 3.3
44 4.81818 2.39535
58 4.55172 2.15789
39 4.82051 2.78947
43 5.48837 3.2619
10 4 1.55556
29 5.17241 3.71429
33 4.60606 2.53125
17 4 1.375
13 3.84615 1.58333
15 4.13333 1.5
16 4.125 1.73333
18 4.11111 1.64706
20 4.3 2
29 4.75862 1.78571
12 3.83333 1.36364
22 4.18182 2.2381
43 4.46512 2.21429
74 4.40541 1.82192
52 4.76923 2.54902
9 3.55556 1.25
32 4.625 3.12903
27 5.85185 3.57692
18 4.22222 1.41176
28 10.5714 5.33333
13 4.46154 1.83333
32 4.625 2.45161
2 1 1
10 3.8 1.55556
101 4.81188 2.68
53 4.90566 2.51923
75 4.82667 2.56757
34 4.82353 1.9697
64 4.71875 2.20635
31 4.70968 2.06667
22 4.54545 1.85714
13 4 1.41667
70 5.11429 3
37 4.48649 2.75
28 4.64286 2.55556
27 4.74074 1.69231
26 5.07692 2.92
6 3 1
12 3.83333 1.18182
35 4.62857 2
21 4.47619 2.15
41 5.02439 2.125
40 4.35 2.28205
49 4.69388 2.5625
40 4.75 1.97436
60 4.46667 2.38983
58 4.68966 2.31579
22 5 2.42857
58 4.51724 2.10526
52 4.84615 2.03922
14 4.28571 2.07692
49 4.69388 2.77083
76 4.81579 3.21333
40 4.55 2.71795
24 4.25 1.91304
10 3.8 1.77778
37 4.86486 3.16667
8 3.5 1.85714
17 4.58824 2.1875
4 2.5 1.33333
55 4.58182 2.01852
8 4.25 1.57143
71 4.76056 2.81429
9 4.66667 1.75
12 3.83333 1.27273
90 4.8 3.08989
34 4.35294 1.81818
85 5.08235 4.08333
6 3 1
16 4 1.46667
16 3.875 1.6
30 4.46667 2.31034
10 3.8 1.55556
28 4.64286 3.22222
25 4.32 1.95833
32 4.4375 2.3871
24 4.16667 1.52174
21 4.28571 2.05
14 4 2
39 4.51282 2.81579
15 4.13333 1.35714
23 4.52174 2.09091
16 4.375 2.2
24 4.5 1.95652
9 4 1.375
16 3.875 1.33333
61 4.7541 2.9
43 4.55814 1.90476
17 4.23529 2
31 5.22581 2.36667
18 4 1.64706
29 4.62069 3
43 4.65116 2.14286
12 4.16667 1.90909
31 4.51613 2
70 4.77143 2.44928
10 3.4 1.44444
45 4.4 1.77273
21 4 1.85
36 4.38889 2.08571
49 4.53061 2.1875
47 4.85106 3.23913
25 4.32 1.58333
36 4.44444 3.28571
58 4.7931 2.70175
9 4 1.625
19 4.21053 2.33333
43 5.34884 2.95238
75 4.88 3.08108
39 4.82051 2.60526
75 4.98667 2.83784
33 4.66667 2.375
29 4.62069 1.82143
15 4.8 2.21429
46 5.04348 2.51111
76 5.10526 2.86667
62 4.80645 3.65574
61 5.63934 4.68333
31 4.3871 1.83333
69 4.98551 3.92647
83 4.81928 3.09756
30 5.2 2.58621
9 3.55556 1.5
36 5.05556 4.28571
25 4.88 2.66667
66 4.63636 2.73846
48 4.79167 2.74468
38 4.68421 2.40541
38 4.31579 2.05405
2 1 1
4 2.5 1
28 4.78571 2.66667
33 4.24242 2.21875
42 4.95238 3.60976
37 4.54054 2.25
9 3.55556 1.5
109 5.02752 3.37037
36 4.61111 1.65714
45 4.93333 2.59091
36 4.83333 2.37143
89 4.78652 2.93182
29 4.27586 1.78571
29 4.2069 1.5
26 4.53846 2
97 4.92784 3.35417
26 4.15385 1.84
88 5 2.65517
44 4.45455 2.23256
23 4.43478 1.68182
55 4.76364 2.90741
7 3.42857 1.16667
2 1 1
70 4.97143 3.27536
27 5.11111 2.30769
9 3.55556 1.875
51 4.5098 2.28
33 4.42424 2.15625
30 4.66667 2
26 4.69231 2.24
35 4.57143 1.88235
11 3.63636 1.4
31 5.03226 2.13333
32 4.5 2.3871
34 4.35294 2.33333
43 4.7907 2.92857
7 3.42857 1.66667
22 4.90909 2.85714
35 4.85714 2.61765
37 4.75676 2.69444
110 5 3.02752
31 4.77419 2.76667
11 3.81818 1.5
48 4.54167 2.14894
64 5.125 3.03175
41 5.80488 2.65
15 4.4 2
78 4.66667 2.93506
89 4.98876 2.67045
76 4.86842 2.53333
74 4.97297 2.87671
48 4.625 1.82979
95 4.84211 2.71277
52 5.23077 2.56863
9 3.33333 1.5
6 3.33333 1.4
3 2 1.5
50 4.44 1.67347
30 5 2.65517
24 4.25 1.56522
21 4.57143 2.4
16 4.375 1.93333
23 6.6087 5.81818
5 3.2 1.25
43 4.55814 2.35714
26 4.76923 2.24
31 4.77419 2.83333
34 4.76471 1.93939
28 4.5 2
28 4.42857 2.25926
37 4.37838 2.08333
27 4.81481 2.53846
25 4.4 1.79167
30 4.26667 2.03448
25 4.96 3
14 4 1.84615
3 2 1.5
50 5.12 2.89796
41 4.63415 2.575
39 5.12821 3.68421
8 4 1.57143
10 3.6 1.44444
5 3.2 2.25
23 4.34783 2.22727
16 4.125 2.2
13 4.15385 1.91667
2 1 1
26 4.23077 1.84
14 4 2.30769
26 4.30769 1.92
23 4.08696 2.22727
24 5 2.30435
35 5.14286 1.97059
31 4.64516 2.2
5 2.8 1
4 3 2
3 2 1.5
37 5.40541 2.88889
45 4.84444 2.90909
27 4.96296 2
8 3.5 1.28571
3 2 1.5
38 4.52632 2.51351
37 4.97297 3.30556
41 4.53659 2.1
13 4.61538 2.33333
37 4.75676 1.80556
22 4.18182 2.19048
2 1 1
3 2 1
4 3 2
3 2 1.5
38 4.73684 2.21622
41 6.09756 4.425
48 5.5 3.29787
24 4.66667 2.47826
34 5 2.48485
20 4.5 1.94737
4 2.5 1
8 3.5 1.14286
3 2 1.5
34 4.58824 2.72727
35 4.97143 2.55882
19 4.52632 2
33 4.54545 1.8125
14 4.14286 1.30769
13 4.15385 2
21 4.19048 1.45
61 5.34426 3.08333
2 1 1
3 2 1
4 3 2
3 2 1.5
36 5.05556 2.65714
62 5.19355 3.7541
2 1 1
2 1 1
5 2.8 1
3 2 1.5
33 4.9697 3.90625
33 5.0303 3
38 4.94737 3.05405
17 3.88235 1.6875
22 5.81818 2.80952
37 4.7027 2.27778
26 4.30769 1.8
34 5.29412 2.33333
45 4.62222 2.25
26 4.61538 2.28
11 3.63636 1.6
3 2 1.5
31 4.45161 2.5
14 4.42857 1.61538
2 1 1
5 3.2 1.25
4 2.5 1
22 4.45455 1.66667
16 4.25 2
27 4.2963 2.19231
25 5.68 3.58333
20 4.1 1.84211
22 4.27273 1.38095
26 4.07692 2.44
21 6.66667 2.55
8 3.25 1.71429
3 2 1.5
41 4.87805 2.65
49 4.69388 2.10417
27 4.81481 2.11538
11 4.72727 2.2
35 4.74286 2.76471
36 4.83333 2.17143
12 3.83333 1.63636
12 4 1.45455
3 2 1.5
32 5.5625 4.35484
47 5.02128 3.8913
41 4.97561 3.65
33 4.78788 1.84375
7 4 1.83333
23 4.69565 1.86364
11 3.81818 1.4
47 4.89362 2.69565
29 5.17241 3.07143
35 5.31429 2.94118
45 4.71111 2.88636
37 4.59459 2.08333
9 3.55556 1.125
3 2 1.5
33 5.69697 3.21875
45 4.71111 2.93182
33 4.84848 3.46875
44 4.81818 2.11628
15 4.8 2.78571
33 5.15152 2.25
11 3.63636 1.4
3 2 1
3 2 1.5
29 4.68966 2.89286
40 4.9 2.17949
32 4.875 2.22581
26 4.07692 1.48
23 4.17391 1.54545
21 4.38095 2.05
30 5 2
34 5.23529 3.15152
35 4.51429 2.11765
10 4.2 1.44444
8 3.25 1.14286
3 2 1.5
31 4.58065 3.33333
24 5.16667 3.30435
25 4.32 2.08333
24 4.41667 1.95652
21 4.95238 2.5
9 3.55556 1.5
3 2 1.5
28 5.28571 2.22222
66 4.84848 3.16923
50 4.76 2.79592
32 5.125 2.35484
17 4 1.9375
70 4.91429 3.50725
54 4.88889 2.92453
15 4.26667 1.85714
41 4.78049 2.675
56 5.21429 3.50909
18 4.11111 2
70 4.85714 2.10145
37 4.59459 2.02778
111 5.56757 5.24545
12 3.83333 1.45455
3 2 1.5
33 4.90909 2.625
25 5.04 2.70833
12 4.66667 2.27273
5 3.2 1.25
8 5 2.85714
73 6.05479 4.47222
3 2 1
3 2 1.5
9 3.55556 1.375
4 3 2
26 4.38462 1.8
5 2.8 1
5 4 1.75
32 4.625 2.03226
18 4.88889 2.05882
3 2 1.5
48 5.16667 3.48936
54 5.07407 2.09434
48 4.83333 2.04255
41 4.97561 2.15
20 5 2.36842
7 3.42857 1.5
29 5.65517 3.17857
47 5.06383 2.84783
6 3 1
3 2 1.5
30 4.93333 4.06897
40 4.85 3.17949
41 4.78049 3.1
20 4.3 1.78947
15 4 2.14286
21 4.38095 1.6
37 4.59459 1.86111
13 3.84615 1.75
24 5 2.95652
11 3.81818 1.5
5 3.2 2
3 2 1.5
49 4.73469 2.6875
14 4 1.84615
50 5.24 3.77551
28 4.28571 1.85185
20 4.9 2.89474
15 4.4 1.64286
11 4 1.3
3 2 1.5
28 5.21429 2.48148
28 4.78571 2.7037
25 4.64 1.70833
4 2.5 1
3 2 1.5
20 4.5 1.84211
31 4.51613 2.03333
35 4.45714 2.91176
38 5 2.32432
15 4 1.85714
14 4.42857 2
22 4.27273 2.04762
11 3.81818 1.8
3 2 1.5
37 4.97297 2.13889
46 7.43478 4.75556
15 4 1.85714
6 3 1.4
4 3 2
3 2 1.5
35 4.57143 2.88235
19 4.10526 1.5
18 4 1.82353
31 4.06452 1.83333
9 3.55556 1.5
4 3 2
3 2 1.5
26 4.38462 1.8
27 4.51852 1.69231
22 5.27273 3
33 4.60606 1.90625
16 3.875 1.26667
29 4.48276 2.10714
24 4.41667 2.13043
29 4.48276 2.17857
23 4 2.18182
3 2 1
54 5.14815 3.35849
21 5.2381 2.6
52 5.46154 3.31373
25 4.72 2.41667
29 4.75862 2
32 4.3125 2.29032
37 4.59459 1.75
15 3.86667 1.5
27 4.2963 2.07692
23 4.78261 2.95455
11 4 1.3
11 4.18182 2.3
6 4 1.8
3 2 1.5
32 4.5 2.19355
19 4.73684 2.16667
31 4.64516 2.13333
54 4.77778 3.90566
65 5.38462 4.89062
20 5 2.10526
39 4.87179 3.13158
22 4.27273 1.61905
11 4.54545 1.9
34 7.47059 3.60606
10 4 1.55556
11 3.81818 1.8
22 4.09091 2.04762
12 3.66667 1.45455
24 4.5 1.91304
13 4.46154 2.83333
24 5.91667 3.04348
24 4.25 2.04348
23 4.17391 1.63636
25 4.32 1.41667
32 4.5625 2.25806
15 4.4 1.85714
10 3.8 1.33333
3 2 1.5
39 4.87179 2.52632
68 5.67647 3.61194
59 5.55932 3.08621
63 5.33333 3.43548
39 4.66667 2.18421
12 3.83333 1.36364
3 2 1.5
36 4.72222 3.51429
27 4.66667 2.61538
30 4.66667 2.06897
10 3.6 1.88889
3 2 1.5
31 4.3871 2.3
48 4.75 2.23404
57 4.84211 3.07143
61 4.98361 3.51667
44 4.95455 2.48837
20 4.3 2.47368
39 4.66667 2.28947
3 2 1.5
8 3.5 1.14286
51 5.84314 4.16
40 4.75 2.69231
3 2 1
9 4.22222 2.125
15 4.13333 1.85714
57 4.91228 2.75
14 4.71429 2
19 4.21053 2.05556
3 2 1.5
7 3.42857 1.16667
3 2 1.5
30 5.06667 2.65517
31 4.64516 1.86667
19 5.05263 2.66667
33 4.30303 1.625
39 4.66667 2.28947
23 4.95652 2.63636
20 4.7 2.05263
63 5.36508 3.25806
65 5.04615 3.35938
21 4.66667 2.5
36 4.72222 3.97143
13 4 1.75
3 2 1.5
29 4.41379 3.14286
41 4.73171 3.075
12 4.33333 2.45455
19 4.21053 1.5
37 4.54054 2.41667
12 4 1.54545
3 2 1.5
29 4.48276 2.14286
39 4.92308 2.89474
80 5.025 3.8481
24 4.25 1.82609
25 4.08 1.70833
22 4.27273 2.14286
31 4.32258 1.66667
32 4.375 2.16129
14 4.57143 2.15385
3 2 1.5
33 4.78788 3.34375
43 4.97674 2.69048
9 4 1.5
15 4.13333 1.64286
36 4.38889 2.48571
55 5.67273 4.22222
10 4 1.33333
3 2 1.5
30 5.46667 2.68966
30 4.93333 2.89655
25 4.48 1.83333
33 4.54545 2.625
22 5.45455 3.19048
11 4.36364 1.9
32 5.3125 2.29032
15 4.13333 2
46 5.3913 2.71111
12 3.83333 1.45455
3 2 1
3 2 1.5
10 3.8 1.77778
2 1 1
47 4.38298 1.82609
5 2.8 1
3 2 1
29 5.17241 2.39286
8 3.75 1.57143
3 2 1.5
37 4.59459 1.94444
39 4.5641 2.07895
21 4.47619 1.75
27 4.88889 2.19231
42 4.7619 2.70732
52 4.96154 3.88235
17 4.23529 1.6875
30 4.8 2.93103
18 4.55556 2.23529
35 4.85714 2.20588
32 4.5625 2.67742
28 5.92857 4.18519
58 6.31034 6.36842
4 2.5 1
2 1 1
3 2 1.5
23 4.78261 2.36364
9 4 1.625
5 3.2 2
3 2 1.5
32 4.75 2.67742
42 4.71429 2.95122
30 4.8 2.55172
36 4.94444 4.08571
47 5.06383 4.08696
33 4.36364 1.59375
8 3.5 1.42857
3 2 1.5
31 4.77419 2.53333
35 4.85714 2.26471
54 6.33333 2.88679
42 4.95238 2.46341
15 4.13333 1.85714
24 4.58333 1.78261
33 4.60606 2.9375
15 4 1.64286
3 2 1.5
38 5.26316 3.37838
26 5 2.4
27 4.88889 2.65385
44 4.86364 3.25581
7 3.42857 1.5
5 3.2 2
3 2 1.5
37 5.02703 3.80556
28 5 2.33333
10 3.6 1.11111
3 2 1.5
38 4.89474 2.13514
26 4.84615 2.6
22 5.27273 3.28571
45 4.88889 2.56818
48 4.875 2.7234
32 4.5625 2.3871
24 4.83333 2.21739
15 4 1.71429
3 2 1.5
38 5.10526 3.27027
26 4.92308 1.96
27 4.81481 2.61538
44 4.86364 3.25581
39 4.87179 2.81579
52 4.61538 3.2549
18 4.11111 1.64706
43 5.11628 2.5
32 4.375 2.03226
12 4 1.45455
21 5.61905 2.95
38 4.36842 3.62162
29 4.62069 2.28571
15 4.53333 2.14286
3 2 1.5
31 4.58065 2
32 4.8125 2.22581
3 2 1.5
40 4.65 1.87179
31 4.64516 2.23333
23 4.69565 1.95455
16 4.25 2
33 4.60606 2.03125
17 4.23529 1.6875
7 3.42857 1.5
5 3.2 2
3 2 1.5
37 5.02703 3.80556
28 5 2.33333
22 4.36364 2.14286
14 4.42857 1.92308
16 4.125 2.2
38 5.10526 2.54054
14 4.85714 2.15385
17 3.88235 1.5625
3 2 1
14 4.28571 1.84615
16 5.25 1.93333
35 4.45714 2.11765
40 5.45 2.30769
51 4.70588 2.94
22 6 2.7619
22 4.36364 1.71429
30 4.66667 2.2069
31 4.51613 2.06667
14 5.14286 3.30769
3 2 1.5
37 4.48649 2.22222
3 2 1
2 1 1
42 5 2.78049
47 4.55319 2.17391
14 4.14286 1.69231
47 4.85106 2.58696
41 4.87805 2.6
36 4.61111 2.08571
51 4.7451 2.32
53 4.5283 1.98077
64 4.90625 2.30159
50 4.52 2.20408
73 4.79452 2
43 4.46512 1.83333
31 4.32258 1.56667
39 4.76923 1.89474
42 4.47619 1.63415
27 4.74074 2.07692
40 4.85 1.92308
39 4.87179 1.81579
6 3.33333 1.2
9 4.88889 1.875
3 2 1
69 5.7971 3.70588
33 5.21212 2.53125
20 4.9 1.94737
97 5.05155 3.42708
22 4.27273 1.57143
42 4.47619 2.14634
61 4.7541 2.83333
53 4.83019 2.51923
59 4.91525 3.27586
62 5.25806 2.7377
39 4.5641 2.34211
32 4.75 2.64516
47 4.51064 2.34783
44 4.77273 2.46512
16 4 1.6
12 4 1.45455
18 4.55556 2.17647
20 4.5 2.63158
39 4.51282 1.92105
23 4.69565 1.68182
21 4.28571 2.25
23 5.3913 2.63636
42 4.7619 2.39024
21 4.19048 2.15
23 4.52174 2.31818
15 4 1.42857
25 4.4 1.875
14 4.71429 1.61538
45 4.66667 2.13636
16 4 1.66667
5 3.2 1.25
2 1 1
18 4.22222 1.76471
20 5 1.94737
40 4.5 2.07692
16 4.125 1.73333
31 4.45161 1.56667
13 4 1.5
55 4.76364 2.85185
34 4.94118 2.12121
21 4.57143 2.2
16 3.75 1.33333
18 4.11111 1.82353
17 4.35294 2.1875
27 4.14815 1.73077
16 4.125 2
2 1 1
27 5.03704 2.61538
2 1 1
16 4 1.8
27 4.59259 2.73077
38 4.36842 2.10811
47 4.6383 1.84783
18 4.44444 2.11765
38 4.63158 1.97297
47 4.80851 2.34783
44 4.95455 2.60465
55 5.27273 3.96296
2 1 1
39 4.41026 2.26316
36 4.33333 2.17143
26 4.61538 2.44
41 4.92683 1.9
37 4.7027 1.91667
33 4.9697 2.46875
17 4.47059 2.0625
18 4.33333 1.94118
58 4.55172 2.31579
19 4.10526 1.5
27 4.81481 2.34615
46 4.91304 2.62222
21 4.28571 1.6
15 4.53333 1.85714
5 3.2 1.25
30 4.8 1.7931
11 3.63636 1.4
31 4.45161 1.86667
56 5.14286 2.96364
39 5.17949 3.28947
36 4.5 2.17143
16 4.125 1.66667
23 4.6087 2.27273
28 4.92857 2.2963
4 2.5 1
3 2 1
26 4.53846 2.56
47 4.55319 2.13043
25 4.24 2
31 4.51613 2.46667
19 4.21053 2
20 4.2 1.78947
25 4.4 1.875
6 3 1.2
2 1 1
44 4.86364 2.46512
31 4.58065 2.53333
28 4.5 2.03704
5 2.8 1
23 4.34783 2.31818
17 4 1.375
22 4.36364 1.61905
10 4 1.66667
27 4.37037 1.80769
21 4.85714 2.05
6 3.33333 1.6
15 5.86667 2.42857
4 2.5 1
2 1 1
3 2 1
55 4.90909 2.51852
42 5.28571 3.2439
39 4.5641 2
22 4.54545 2.47619
75 4.96 3.22973
58 5.03448 2.80702
12 4.33333 2.54545
31 6.19355 4.9
49 4.97959 2.75
26 4.69231 2.12
26 4.69231 1.8
2 1 1
28 4.42857 2.2963
17 5.05882 2.4375
26 4.69231 1.76
26 4.53846 1.8
24 4.25 1.82609
32 4.6875 2.67742
31 4.64516 2.8
50 4.92 3.20408
66 4.84848 2.92308
59 5.05085 4.58621
26 5.07692 2.48
5 2.8 1
2 1 1
7 3.42857 1.33333
8 3.75 1.57143
32 5 2.25806
17 4.58824 1.8125
9 4.22222 1.625
13 4.30769 1.41667
7 3.42857 1.33333
11 3.63636 1.3
16 4.25 1.46667
13 4 1.75
3 2 1
5 3.2 1.25
6 3 1.2
20 4.1 1.84211
16 4 1.53333
26 4.76923 2.16
15 4.66667 1.85714
5 2.8 1
22 4.27273 1.80952
14 3.85714 1.92308
13 5.84615 2.25
9 4.88889 2
5 3.2 1.5
8 3.75 1.57143
8 4.25 1.57143
18 4.11111 1.64706
18 4.44444 1.94118
5 3.2 1.5
5 3.2 1.5
23 4.69565 2.04545
2 1 1
4 3 1.33333
3 2 1
37 5.35135 2.77778
22 4.36364 1.47619
64 4.9375 2.36508
53 4.83019 2.65385
36 4.72222 2.14286
50 4.68 2.18367
33 5.09091 2.5625
54 4.85185 2.24528
22 4.18182 1.80952
28 4.64286 2.03704
2 1 1
3 2 1
11 3.81818 1.4
2 1 1
25 4.72 2.625
21 4.57143 2
55 5.2 4.31481
10 5.6 2.44444
18 4.66667 1.88235
41 4.63415 2.375
29 5.10345 2.53571
42 5.2381 4.2439
31 4.96774 1.96667
37 4.75676 2.52778
27 5.03704 2.42308
28 4.5 1.92593
50 5.28 3.06122
42 4.61905 2.21951
35 4.57143 1.91176
18 4.11111 1.52941
6 3 1.2
13 4.61538 1.75
2 1 1
2 1 1
30 4.66667 2.51724
20 4.3 2.15789
65 5.13846 2.70312
25 4.96 3.20833
35 4.97143 2.70588
38 4.84211 2.97297
46 4.47826 2.84444
27 4.96296 1.84615
36 5.44444 2.88571
16 4.125 1.46667
29 4.82759 2.10714
39 4.61538 2.44737
14 4.57143 2
2 1 1
8 3.75 1.28571
7 4 1.66667
50 5.04 2.77551
26 4.53846 2.08
41 5.07317 2.85
45 5.24444 2.97727
19 4.63158 2.44444
20 5.8 3.36842
22 4.36364 2.61905
42 4.7619 2.31707
11 4 1.5
34 4.47059 2.30303
22 4.27273 2.14286
24 5 2.73913
43 5.25581 3.09524
60 4.9 2.98305
27 5.18519 2.57692
56 5.10714 3.96364
15 5.2 2.07143
34 5.23529 2.75758
31 4.51613 1.76667
15 4 1.71429
44 4.95455 2.30233
2 1 1
5 2.8 1.25
2 1 1
38 4.78947 2.10811
45 5.68889 2.56818
74 4.78378 2.53425
12 4.83333 1.81818
51 4.90196 2.6
17 4.35294 2.625
47 4.80851 3.1087
24 4.5 2.52174
10 4 1.55556
32 4.375 2.19355
33 5.09091 3.65625
17 4.23529 1.5625
7 3.42857 1.16667
16 4.5 2.13333
22 4.18182 1.66667
7 3.42857 2
33 4.54545 1.8125
10 3.6 1.44444
2 1 1
22 4.54545 1.61905
36 4.44444 2.2
31 4.64516 2.83333
44 5.09091 2.53488
25 4.4 2.08333
12 4 1.54545
9 3.33333 1.5
52 8 4.86275
16 4.375 1.53333
41 4.87805 2.625
15 4.53333 2
2 1 1
9 3.55556 1.25
3 2 1
5 3.2 1.25
19 4.10526 2.05556
36 4.38889 2.05714
8 3.25 1.28571
38 5.21053 3.37838
2 1 1
6 3.33333 1.2
59 4.61017 2.77586
17 4.47059 1.8125
40 5.1 2.69231
43 4.69767 2
16 5 1.8
34 4.82353 2.72727
18 4.33333 2.05882
55 5.09091 2.18519
38 4.89474 2.83784
14 3.85714 1.61538
2 1 1
22 4.45455 2.95238
31 4.51613 3.13333
24 4.91667 2.04348
73 8.05479 5.83333
26 4.53846 2.6
18 4.33333 2.17647
22 4.72727 2.90476
25 4.48 2.41667
14 4.57143 1.61538
6 3 1.4
40 5 3.53846
38 5.10526 1.94595
9 4.22222 1.5
5 3.2 1.25
26 4.23077 1.8
27 4.22222 2.07692
64 6.25 5.15873
10 3.8 1.88889
25 5.68 3.29167
19 4.10526 1.66667
16 4.75 2
6 3.33333 1.6
9 4 1.5
13 4 2.08333
34 4.41176 2.12121
23 4.86957 2.36364
20 4.5 2.73684
19 4.73684 2.33333
22 5.72727 3.04762
29 4.27586 2.07143
32 4.9375 2.35484
40 5.3 4.76923
19 4.31579 2.16667
20 4.9 2.73684
13 4 1.91667
18 4.33333 1.70588
24 4.25 1.65217
25 4.4 2.16667
5 3.2 1.5
96 4.83333 2.57895
8 4.25 1.85714
45 4.88889 2.36364
45 5.15556 2.65909
19 4.84211 2.11111
40 5.15 2.82051
30 5 2.31034
5 2.8 1
43 4.83721 3.33333
29 5.24138 3.89286
17 4.23529 1.875
33 4.66667 2.59375
2 1 1
3 2 1
31 4.51613 1.96667
25 5.28 4.45833
5 4 1.75
27 4.81481 2.80769
18 4 1.70588
23 4.78261 2.31818
11 3.63636 1.3
6 3.33333 1.6
18 4.88889 3.47059
20 4.3 2.21053
11 3.81818 1.6
3 2 1
51 5.13725 2.84
4 2.5 1
12 4 1.27273
4 2.5 1.33333
2 1 1
3 2 1
43 5.06977 2.5
32 4.9375 2.51613
17 4 1.6875
58 5.31034 3.33333
49 4.85714 2.375
71 4.98592 2.41429
13 5.07692 2.41667
56 5.60714 3.41818
43 4.93023 2.52381
57 4.73684 2.46429
10 3.8 1.44444
42 4.85714 2.39024
25 4.64 3.04167
14 4.57143 1.61538
57 5.36842 3.51786
42 4.95238 3.31707
18 4.33333 1.76471
43 5.39535 2.83333
18 4.44444 1.94118
17 4.11765 1.625
60 4.73333 2.45763
62 5 3.5082
10 3.8 1.22222
2 1 1
29 5.03448 2.28571
44 4.63636 2.25581
39 4.71795 2.18421
28 4.21429 1.44444
57 4.66667 2.10714
33 6.18182 3.15625
70 5.05714 3.18841
15 4.26667 1.64286
2 1 1
9 3.77778 1.625
60 4.83333 3.74576
41 4.4878 2.625
28 4.21429 1.44444
16 4.125 1.93333
35 5.02857 3.02941
25 4.48 1.95833
29 4.34483 1.5
11 3.81818 1.6
14 4.14286 2
45 5.68889 4.22727
23 4.52174 2.22727
20 5 2.52632
2 1 1
8 3.5 1.28571
2 1 1
50 4.6 3.40816
21 4.19048 1.7
60 5.36667 4.01695
15 5.06667 2.92857
24 4.91667 2.04348
23 4.26087 2.22727
24 4.5 1.95652
11 3.81818 2.1
2 1 1
13 4 1.83333
2 1 1
28 4.64286 2.40741
73 4.90411 3.19444
69 5.18841 2.14706
23 4.26087 2.18182
59 4.71186 2.48276
50 4.52 3.38776
2 1 1
11 3.81818 1.6
3 2 1
44 4.90909 2.74419
54 4.85185 2.79245
46 4.56522 2.35556
47 4.46809 2.21739
16 4.125 1.86667
48 4.75 2.42553
55 4.65455 2.48148
93 4.66667 3.73913
30 4.73333 2.68966
8 3.5 1.28571
10 4 1.66667
39 4.82051 2.55263
39 4.92308 2.94737
21 4 1.55
53 5.54717 2.38462
7 3.42857 1.33333
19 4.10526 1.83333
46 4.95652 2.4
23 4.34783 1.72727
30 4.33333 2.37931
26 4.46154 2.64
30 4.2 2.2069
38 4.84211 2.02703
36 4.61111 2.11429
5 2.8 1.25
29 4.89655 3.25
9 4.22222 1.625
3 2 1
44 5 3.02326
43 4.7907 2.78571
16 4.125 1.66667
29 4.55172 2.46429
9 4 1.625
3 2 1
23 4.43478 2
28 4.21429 1.55556
55 4.98182 3.07407
13 4.15385 1.91667
3 2 1
66 5.15152 3.38462
12 4 1.90909
27 4.74074 2.23077
21 4.38095 1.75
21 4.47619 2.2
25 4.72 2.16667
17 4.23529 2.0625
63 4.85714 2.58065
71 4.78873 2.24286
59 5.01695 3.13793
129 5.16279 4.26562
14 4.57143 2.15385
33 5.0303 2.03125
33 4.66667 2.46875
44 4.95455 3.37209
58 4.93103 2.96491
25 5.2 2.625
52 4.57692 2.45098
36 4.27778 2.02857
15 4.53333 2.21429
55 4.98182 3.31481
61 5.34426 5.23333
10 4.2 1.88889
99 4.9899 3.36735
51 4.78431 2.5
62 5.16129 3.44262
76 4.86842 3.17333
29 5.24138 2.89286
43 4.55814 2.59524
10 5.6 2.33333
44 5.13636 2.81395
24 5 2.04348
54 5.22222 2.33962
12 4.66667 2.54545
4 2.5 1
73 4.9589 2.58333
42 5.04762 2.46341
48 5.08333 2.6383
3 2 1.5
13 4.46154 2.08333
71 5.1831 2.88571
94 5.38298 3.23656
12 4 1.27273
44 5.90909 2.69767
48 5.04167 2.21277
70 4.97143 2.89855
47 5.3617 2.34783
12 5 1.81818
53 5.39623 2.51923
74 5.08108 3.45205
68 4.97059 3.62687
91 5.18681 3.03333
41 4.82927 2.1
4 2.5 1.33333
42 4.66667 2.53659
74 4.7027 2.32877
13 3.84615 1.58333
43 4.69767 3.35714
12 3.83333 1.63636
39 4.92308 1.84211
30 4.66667 2.10345
6 3.33333 1.4
21 4.66667 1.9
29 4.62069 2.28571
22 4.63636 2.47619
34 5.35294 2.54545
20 4.5 2.05263
18 4.44444 2.05882
29 4.34483 1.96429
25 4.88 3.45833
38 4.68421 2
24 4.33333 1.95652
39 4.66667 2.18421
25 4.56 2.08333
16 4.375 1.8
12 4.66667 1.90909
2 1 1
3 2 1.5
12 3.66667 1.18182
21 4.85714 2.1
38 4.84211 2.40541
49 4.69388 2.70833
30 4.6 2.37931
25 4.48 1.75
24 4.75 2.17391
76 4.94737 2.94667
28 4.92857 2.37037
52 4.73077 2.01961
62 4.77419 2
91 4.79121 2.64444
20 5.4 2.94737
120 5.16667 2.82353
50 4.92 2.30612
51 4.94118 2.86
24 4.66667 2.52174
52 5.11538 3.31373
17 4.47059 2.0625
43 4.60465 2.21429
42 4.7619 2.34146
30 4.53333 1.82759
19 4.42105 2.11111
7 4 1.5
65 4.92308 2.57812
46 4.91304 2.55556
52 5.42308 2.4902
9 4.22222 1.75
28 4.71429 2.44444
29 4.27586 2.64286
12 4.16667 1.81818
25 4.48 2.20833
8 3.75 1.42857
15 4.26667 1.71429
8 3.5 1.28571
8 3.25 1.28571
23 4.78261 2.77273
35 4.97143 2.26471
8 4.25 2
2 1 1
5 2.8 1.25
3 2 1
7 3.42857 1.33333
30 4.33333 2.2069
17 4.11765 1.5
45 4.35556 2.02273
23 4.52174 1.95455
16 4.75 2.33333
45 4.53333 2.25
17 4.11765 1.75
54 5.44444 4.15094
49 4.73469 2.0625
10 4.2 2
61 4.52459 2.1
53 4.67925 1.96154
31 4.70968 1.7
56 4.85714 2.18182
16 4.375 1.8
6 3.33333 1.6
45 5.64444 3.72727
5 4 1.75
3 2 1
65 5.41538 3.92188
56 5.03571 3.14545
53 7.20755 4.90385
31 4.58065 2.03333
26 4.76923 1.96
19 4.21053 1.44444
33 4.48485 2.53125
25 5.52 3.20833
24 5 1.95652
13 4.15385 1.75
21 4.47619 2.15
31 4.58065 2.1
56 4.64286 3.18182
31 4.51613 2.23333
10 4.2 1.55556
9 3.33333 1.5
10 3.8 2.11111
17 4.58824 2.0625
22 4.27273 1.71429
8 4 1.42857
43 4.83721 3
57 5.19298 3.39286
7 3.14286 1.16667
18 5 2.52941
67 5.13433 4.63636
37 5.13514 3.69444
37 4.54054 1.91667
5 3.2 1.5
5 2.8 1.25
14 4.28571 1.92308
13 4 1.83333
3 2 1
4 2.5 1
32 4.5625 2.09677
28 4.85714 3.07407
29 5.17241 4.21429
17 4.58824 1.8125
12 4.16667 1.45455
16 6.5 3.4
81 5.33333 4.4125
34 4.88235 2.51515
17 4.23529 1.625
10 3.6 2
29 4.48276 2.28571
40 4.65 2
68 4.58824 2.26866
50 4.64 3.02041
57 4.77193 2.35714
26 4.38462 1.76
28 4.42857 1.74074
23 5.91304 3.40909
29 4.96552 2.28571
56 4.67857 2.4
76 4.97368 3.29333
33 4.36364 2
77 5.45455 4.22368
9 4.66667 2.375
29 4.96552 2.85714
40 5.15 4.33333
18 6.22222 2.94118
12 5.16667 2.45455
11 5.45455 2.5
7 6 2.66667
12 5.16667 2.36364
19 9.05263 5.05556
23 5.3913 2.22727
25 5.28 3.5
92 5.91304 4.8022
32 5.125 2.35484
8 4 1.57143
3 2 1
7 4 2
4 3 1.33333
38 4.84211 2.97297
30 5.2 2.51724
12 4.83333 2.45455
20 5.1 2.84211
25 5.44 2.45833
29 4.62069 3.03571
10 4.2 1.44444
61 5.04918 3.41667
89 5.8427 4.875
15 4.26667 1.78571
4 2.5 1.66667
7 3.42857 1.33333
8 3.75 1.71429
8 3.75 1.42857
19 4.10526 1.61111
17 4.35294 1.6875
13 3.84615 1.66667
151 5.57616 5.44667
25 5.68 3.75
9 3.55556 1.5
15 4.4 2.07143
11 3.63636 1.4
22 4.54545 1.85714
11 4.18182 1.5
14 4 1.84615
101 5.22772 5.49
58 5.44828 3.82456
28 5.92857 3.44444
3 2 1
4 3 1.33333
35 5.08571 2.52941
43 5.02326 2.30952
74 5.78378 3.93151
50 5.4 3.44898
58 5.48276 3.40351
49 5.71429 2.85417
131 5.69466 4.06923
113 5.55752 3.91071
60 5.43333 2.98305
49 6.16327 3.27083
10 4 1.33333
17 4.35294 2.0625
20 5.1 2.36842
29 4.89655 2.82143
76 5.15789 3.06667
36 4.94444 3.82857
29 5.44828 3.03571
7 3.42857 1.33333
12 4.33333 1.72727
13 4.15385 1.75
42 5.66667 2.87805
102 5.35294 4.85149
15 5.46667 3
24 5 1.82609
67 5.13433 2.62121
6 3 1.2
172 8.40698 9.50292
20 7 4.10526
132 5.80303 5.19847
18 7.33333 3.76471
130 7.66154 7.31783
10 3.6 1.33333
63 6.4127 4
26 5 2.84
36 4.5 1.8
55 5.85455 3.01852
45 6.26667 3.79545
42 4.95238 2.36585
7 3.42857 1.33333
6 3.33333 1.2
48 6 3.12766
21 4.38095 2
62 6.19355 4.81967
30 4.53333 2.68966
56 4.78571 3
9 4.22222 1.75
16 4 1.46667
10 4.2 1.66667
12 5.5 2.18182
29 4.55172 1.89286
147 6.12245 6.30137
3 2 1.5
56 4.64286 3.36364
12 4.16667 2
6 3 1.2
33 4.78788 2.21875
12 4.33333 2
4 2.5 1
8 3.5 1.28571
6 3.33333 1.4
16 4.5 1.73333
19 4.10526 1.5
19 4.63158 2.22222
11 3.81818 1.2
10 3.6 1.33333
29 5.17241 3.10714
17 4.35294 1.8125
10 3.8 1.44444
31 5.03226 3.3
75 5.84 7.83784
8 3.5 1.42857
33 4.72727 2.875
34 4.64706 3.33333
5 2.8 1.25
61 5.80328 4.05
61 6.29508 5.68333
16 4 2.06667
2 1 1
3 2 1
6 3.33333 1.6
6 3.33333 1.6
9 3.77778 1.875
2 1 1
2 1 1
2 1 1
5 3.2 1.5
5 2.8 1.25
2 1 1
3 2 1
3 2 1
3 2 1
77 5.22078 3.21053
33 5.15152 2.75
35 6.91429 3.55882
30 4.86667 2.2069
57 12.6316 12.0893
6 3.33333 1.2
47 5.74468 7.30435
34 4.64706 2.12121
23 4.34783 1.72727
14 4.28571 1.61538
51 4.82353 2.5
27 4.66667 2.80769
96 5.3125 3.95789
9 4.22222 1.625
8 3.5 1.42857
2 1 1
141 11.7021 12.4143
108 5.22222 4.45794
51 4.78431 3.12
27 4.51852 1.53846
41 5.60976 4.8
69 5.97101 5.26471
43 4.27907 1.7381
48 5.70833 4.10638
100 5.8 5.65657
47 4.7234 2.58696
96 10.4375 10.8211
27 5.7037 2.53846
15 4.4 2
5 2.8 1
43 4.69767 2.19048
42 5.04762 3.36585
67 4.89552 2.40909
55 4.94545 3.57407
36 4.83333 2.97143
10 3.8 1.33333
35 4.8 3.55882
34 4.58824 3.15152
49 5.02041 2.9375
45 4.93333 2.75
80 5.2 3.53165
47 4.68085 2.58696
16 5 2.33333
21 5.04762 2.8
19 4.10526 1.5
16 4.375 1.66667
55 4.8 2.37037
35 4.68571 3.17647
36 4.38889 2.51429
41 4.58537 2.325
20 4.9 2.05263
27 4.51852 1.84615
32 4.6875 2.83871
6 3 1.4
2 1 1
32 4.375 2.45161
53 5.09434 2.01923
42 4.47619 2.31707
24 4.5 1.86957
36 5.11111 3.4
11 4.72727 2
2 1 1
32 4.6875 2.03226
33 4.84848 2.28125
29 4.55172 2.39286
25 4.72 2.125
14 3.85714 1.76923
23 4.26087 1.54545
20 4.4 2.15789
62 5 3.31148
17 4.82353 2.8125
25 4.72 2.04167
16 4.25 2
9 3.33333 1.125
18 4.33333 2.05882
2 1 1
13 4 2.33333
21 4.85714 2.1
60 4.86667 2.88136
23 5.21739 2.54545
63 5.49206 3.54839
30 4.4 2
25 4.72 2.95833
33 4.60606 2.15625
13 4.15385 1.58333
24 4.58333 1.6087
102 5.13725 3.62376
64 5.1875 2.93651
51 5.41176 3.42
14 4 1.69231
52 4.61538 2.45098
32 4.875 3
19 4.31579 1.88889
48 5.25 3.02128
11 3.63636 1.7
45 4.62222 2.18182
26 4.07692 1.32
59 4.64407 2.96552
38 5.15789 3.89189
42 5.04762 3.65854
28 5.71429 4.92593
8 3.25 1.71429
19 4.42105 2
9 4 1.75
25 4.64 1.875
27 4.88889 3.46154
15 4.26667 2.28571
16 4.125 1.53333
13 3.84615 1.41667
14 3.85714 1.38462
19 4.42105 1.66667
9 3.55556 1.25
26 5.15385 3.52
32 5.0625 2.54839
24 4.58333 2.08696
15 4.26667 1.78571
2 1 1
19 4.10526 1.38889
46 4.69565 1.86667
60 4.93333 3.42373
72 4.69444 2.61972
70 4.8 3.01449
46 5.34783 2.88889
30 4.46667 2
31 4.90323 2
16 4.125 1.93333
32 4.4375 1.93548
39 4.92308 2.55263
12 4.33333 1.54545
29 4.68966 2.14286
45 5.06667 2.63636
43 4.97674 2.2619
11 3.81818 1.7
2 1 1
64 4.78125 3.06349
50 4.84 2.36735
33 4.78788 2.34375
44 4.81818 2.72093
27 5.03704 2.19231
48 4.58333 2.82979
18 4.11111 1.76471
27 4.2963 2.11538
76 4.97368 2.54667
24 4.33333 2.04348
72 4.83333 2.80282
13 3.69231 1.5
2 1 1
15 4.26667 2
3 2 1
2 1 1
66 4.66667 2.41538
53 4.71698 2.28846
17 4 1.6875
27 4.2963 1.65385
55 4.4 2.33333
30 4.46667 2.65517
39 4.61538 2.21053
26 4.46154 1.84
60 4.56667 2.72881
130 5.15385 4.17829
36 5.05556 2.71429
48 4.29167 1.87234
35 4.22857 2.26471
19 4.31579 1.77778
46 4.69565 2.26667
51 4.86275 3.38
10 3.6 1.44444
15 4.26667 1.57143
57 4.84211 3.32143
20 4.3 2.15789
11 3.63636 1.4
2 1 1
45 4.66667 2.77273
24 4.33333 1.73913
25 4.8 2
35 4.22857 2.35294
60 4.5 1.83051
44 4.63636 1.81395
75 5.01333 2.78378
36 4.72222 2.48571
84 4.7619 2.68675
22 4.45455 2.33333
50 4.68 2.12245
41 4.53659 2.4
69 4.66667 2.61765
49 4.77551 2.4375
77 4.77922 2.97368
171 5.46199 4.41176
29 4.68966 2.21429
104 5.21154 4.13592
9 4.22222 1.625
10 4.2 1.77778
2 1 1
37 4.7027 2.27778
35 5.25714 2.47059
33 4.54545 2
27 4.2963 1.61538
42 4.90476 3.19512
18 4.44444 1.58824
23 4.26087 1.63636
17 4.23529 2.0625
8 3.75 2
27 4.66667 1.84615
45 4.62222 2.06818
57 4.63158 2.57143
45 4.93333 3.29545
49 4.85714 2.35417
20 4.3 1.68421
8 3.5 1.42857
56 5.35714 3.03636
46 4.47826 2.62222
77 4.96104 2.5
15 4.4 2.07143
15 4.26667 1.57143
43 4.74419 2.45238
21 4.19048 1.7
39 4.46154 2.10526
33 4.9697 2.6875
18 4.44444 2.05882
14 4 1.53846
26 4.38462 2.72
28 4.78571 2.48148
13 4 1.25
2 1 1
49 4.65306 3.41667
49 5.10204 2.875
46 6.69565 7.17778
54 4.55556 2.64151
16 4.625 1.86667
12 4.16667 1.63636
34 5.05882 3.12121
32 6 2.93548
37 4.75676 2.11111
23 4.6087 2
68 5.29412 3.77612
62 4.41935 2.34426
47 4.97872 2.71739
46 4.65217 2.2
6 3 1
15 4 1.35714
3 2 1
3 2 1
3 2 1
48 5.33333 2.7234
52 4.61538 2.27451
25 4.32 1.83333
20 4.7 2.05263
21 4.57143 1.85
68 4.94118 2.86567
22 5.81818 3.14286
40 5.15 3.4359
32 4.625 2.80645
21 4.85714 2.05
33 4.9697 3.15625
32 4.625 2.48387
31 5.03226 2.43333
31 5.03226 2.7
17 4.58824 1.75
68 4.88235 2.62687
23 4.26087 1.86364
57 5.4386 3.17857
38 5.05263 2.56757
30 4.8 2.27586
73 4.93151 2.80556
22 5.45455 2.80952
50 4.68 2.65306
15 4.13333 1.64286
51 4.62745 2.58
30 4.53333 2.41379
21 4.47619 2.25
15 4.26667 1.71429
2 1 1
48 5 2.51064
59 5.28814 2.67241
32 5 2.6129
76 5.02632 3.77333
14 4.71429 2
25 4.48 2.75
19 4.10526 1.83333
17 4.23529 1.625
20 4.7 2.05263
25 4.56 2.375
35 4.74286 2.38235
5 2.8 1
11 3.81818 1.2
2 1 1
25 4.4 2
17 4.11765 1.875
34 4.41176 2.27273
35 5.82857 2.52941
55 5.49091 4.64815
28 4.5 2.18519
25 5.12 3.375
39 5.4359 2.65789
23 4.34783 2.09091
52 4.69231 2.01961
90 4.75556 3.2809
50 4.48 2.63265
10 3.8 1.44444
3 2 1
56 4.96429 3.25455
23 4.86957 2.77273
34 4.41176 2.24242
10 3.6 1.33333
3 2 1
26 4.38462 2
36 4.88889 1.97143
20 4.4 2.15789
25 4.24 1.75
26 4.23077 2.08
22 4.18182 1.66667
47 4.55319 3.15217
32 5.875 4.51613
76 4.89474 3.12
2 1 1
11 3.81818 1.5
33 4.9697 2.375
38 4.84211 3.05405
34 4.70588 2.21212
11 3.81818 1.3
3 2 1
38 4.47368 2.45946
37 4.59459 1.91667
58 4.58621 2.29825
17 4 1.5625
10 3.6 1.22222
2 1 1
37 4.81081 2.94444
12 4 2.09091
74 4.91892 3.05479
36 4.72222 2.48571
24 4.41667 2.04348
19 4.10526 1.5
36 4.61111 2.68571
70 4.71429 2.33333
7 3.14286 1
9 3.55556 1.625
2 1 1
43 4.51163 2.14286
24 4.5 2
30 4.46667 2.13793
41 4.92683 2.325
66 4.78788 2.29231
58 4.96552 2.21053
46 5.04348 2.77778
27 4.44444 2.23077
53 4.79245 2.36538
20 4.2 1.89474
17 4 1.625
28 4.35714 2
7 3.42857 1.16667
7 3.14286 1
2 1 1
50 4.72 2.7551
58 4.89655 2.15789
42 4.85714 2.19512
31 4.58065 2.23333
53 4.9434 2.67308
32 4.5625 2.16129
99 5.31313 3.65306
33 4.42424 2.15625
62 4.45161 2.29508
66 4.75758 2.89231
31 4.58065 1.7
12 4.16667 1.81818
13 3.84615 1.5
2 1 1
24 4.5 1.91304
44 4.63636 2.09302
40 4.8 1.89744
43 4.93023 2.30952
14 4.28571 1.61538
37 4.59459 2.36111
88 4.90909 2.25287
87 4.96552 2.80233
105 4.95238 2.02885
39 5.02564 2.5
52 5.26923 3.39216
34 4.70588 1.66667
14 4.42857 1.84615
10 4 1.77778
2 1 1
48 5.08333 2.53191
45 4.62222 2.13636
59 4.57627 3.43103
49 4.4898 2.29167
38 4.84211 2.72973
77 5.01299 3.65789
39 4.46154 1.89474
13 4 1.58333
79 4.75949 2.91026
107 5.15888 3.28302
90 4.86667 3.07865
46 4.82609 3.11111
18 4.11111 1.52941
9 3.77778 1.25
8 3.5 1.57143
2 1 1
65 4.73846 2.73438
16 4.125 1.6
36 4.88889 2.62857
65 5.93846 4.625
68 5.26471 3.29851
31 5.6129 2.96667
83 5.22892 2.58537
8 3.25 1.42857
17 5.64706 2.9375
29 5.37931 3.96429
21 4.09524 1.4
5 3.2 1.5
62 5.25806 3.36066
27 4.44444 1.73077
6 3.33333 1.2
7 3.14286 1
8 3.5 1.14286
2 1 1
79 4.81013 3
15 4.8 2.07143
66 4.93939 2.33846
48 4.75 2.19149
15 4.13333 2
34 4.47059 2.21212
59 4.91525 2.75862
67 13.9701 12.3485
24 4.83333 2.82609
40 5.05 3.25641
80 4.875 3.58228
12 3.83333 1.54545
17 4.35294 1.9375
42 4.85714 2.78049
5 3.2 1.5
73 4.71233 3.125
40 4.5 2.58974
82 4.68293 2.90123
75 4.61333 2.48649
13 3.69231 1.41667
12 4.66667 2.27273
49 5.34694 2.54167
63 4.66667 2.46774
63 5.04762 3.66129
31 5.03226 2.66667
7 4 1.83333
15 4.53333 1.92857
24 5.33333 4.08696
14 4.57143 1.84615
19 4.31579 1.83333
22 4.36364 1.52381
13 4 1.25
57 4.70175 2.55357
12 3.83333 1.54545
6 3 1
4 2.5 1
16 4.5 2.06667
33 4.48485 2.53125
65 4.70769 2.67188
47 4.85106 2.47826
2 1 1
47 7.31915 4.43478
55 4.65455 2.40741
41 4.43902 2.15
20 4.3 1.84211
23 4.78261 1.77273
45 4.71111 2.75
16 4.25 1.93333
31 4.3871 1.9
13 4.92308 1.91667
9 4.22222 1.75
5 2.8 1
65 4.61538 2.54688
25 4.56 2.41667
7 4.28571 2.33333
30 4.4 1.96552
34 5.47059 2.9697
53 4.67925 2.5
18 5.22222 2.41176
41 4.82927 2.475
42 4.85714 2.46341
23 5.21739 2.45455
42 4.95238 2.85366
20 4.4 2
45 4.66667 2.43182
19 4.63158 1.83333
63 4.57143 1.79032
29 4.55172 2.03571
37 5.18919 3.16667
64 4.875 2.53968
33 4.54545 2.34375
36 4.61111 2.85714
31 4.90323 2.13333
3 2 1
18 4.11111 1.52941
22 4.54545 2.57143
37 4.7027 2.05556
19 4.31579 1.55556
29 4.48276 3.14286
56 4.75 3.14545
32 4.6875 2.83871
15 4.13333 1.64286
6 3.33333 1.2
2 1 1
42 4.80952 2.12195
29 4.75862 2.39286
35 4.8 2.79412
32 4.5625 2.83871
44 5.86364 4.06977
54 4.74074 2.56604
58 4.51724 2.10526
57 5.05263 2.53571
17 4.11765 1.8125
16 4.375 1.66667
5 2.8 1
10 3.8 1.44444
2 1 1
43 4.97674 2.83333
26 4.53846 2.36
85 4.82353 2.67857
25 4.4 2.54167
34 4.35294 2.30303
66 4.72727 2.15385
45 4.53333 1.84091
32 6.375 3.77419
2 1 1
70 4.68571 2.37681
48 4.95833 3.10638
76 5.52632 2.94667
33 4.36364 2
16 4.125 1.4
49 5.42857 4.45833
22 4.09091 1.61905
12 3.83333 1.54545
12 4 1.54545
3 2 1
58 4.93103 2.94737
52 5.23077 3.7451
28 4.35714 1.74074
22 4.54545 1.85714
31 4.51613 2.3
20 4.8 1.73684
28 4.5 2.14815
20 4.4 1.73684
41 4.78049 2.475
10 3.8 1.44444
57 5.05263 4.39286
29 4.48276 1.96429
43 4.69767 2.71429
10 4 1.44444
8 3.75 1.57143
2 1 1
11 3.81818 1.6
21 4 1.5
29 4.96552 1.85714
62 4.45161 1.90164
66 4.87879 2.8
26 4.30769 1.84
34 4.70588 2.0303
38 4.42105 2.10811
44 4.54545 2.39535
21 4.09524 1.65
49 5.34694 2.625
24 4.25 2.04348
53 5.66038 2.44231
53 4.79245 2.80769
48 4.95833 2.95745
37 4.43243 2.55556
38 4.63158 1.86486
8 3.25 1.42857
54 4.96296 2.62264
3 2 1
27 4.88889 2.30769
30 4.46667 1.86207
36 4.66667 2.54286
28 4.42857 1.81481
12 3.66667 1.45455
62 5.77419 3.04918
35 4.97143 3.17647
71 4.8169 2.95714
60 6.1 2.83051
9 3.55556 1.875
10 3.8 1.66667
26 4.30769 2.44
58 4.93103 2.64912
36 5.05556 2.48571
58 4.72414 2.07018
62 4.83871 2.39344
73 4.87671 2.33333
25 4.24 1.29167
79 5.11392 3.75641
9 3.55556 1.375
16 4.125 1.6
2 1 1
48 4.75 2.59574
36 4.61111 2.14286
53 4.79245 2.13462
93 4.8172 2.52174
24 5.41667 3.34783
37 4.64865 2.02778
39 4.41026 2.07895
31 4.32258 1.8
2 1 1
35 4.57143 1.85294
86 5.53488 5.17647
66 4.90909 2.56923
63 5.20635 3.79032
54 4.85185 4.43396
37 4.64865 2.44444
38 4.84211 2.72973
25 4.48 2.54167
44 5.59091 4.09302
45 4.44444 2.20455
5 2.8 1.25
2 1 1
24 4.33333 1.86957
51 4.58824 2.14
19 4.63158 1.66667
43 4.7907 3.16667
40 4.8 2.23077
61 4.91803 2.45
21 4.38095 2.2
18 4.22222 1.64706
2 1 1
39 4.51282 2.34211
49 4.77551 2.54167
46 4.56522 2.44444
13 3.69231 1.16667
2 1 1
46 4.3913 2.08889
43 5.02326 2.71429
101 4.81188 3.17
9 3.33333 1.125
15 4.4 1.85714
44 4.77273 2.5814
70 4.85714 2.66667
65 5.04615 3.95312
42 4.57143 2.36585
70 4.71429 2.42029
51 4.5098 2.94
36 4.5 2.25714
16 4 1.6
58 4.86207 2.70175
39 4.87179 2.31579
26 4.46154 2.24
76 5.36842 4.81333
42 5.04762 2.31707
14 4.14286 1.61538
13 4 1.41667
43 4.46512 2.38095
36 4.72222 2.62857
37 4.86486 2.80556
5 3.2 1.5
12 3.66667 1.45455
48 5.08333 2.68085
42 4.57143 2
13 3.69231 1.5
29 4.55172 1.67857
19 4.21053 1.83333
11 4 1.6
23 4.26087 1.90909
21 4.28571 1.8
28 4.71429 2.25926
16 4.125 1.53333
32 5.1875 2.64516
25 4.56 2.58333
24 5 3.47826
45 5.02222 5.02273
14 3.71429 1.92308
31 4.64516 1.96667
42 4.52381 2.34146
32 4.6875 2.74194
101 4.9703 2.71
44 4.90909 2.11628
5 2.8 1
147 4.7619 3.07534
2 1 1
124 4.90323 4.11382
89 4.62921 2.32955
8 3.5 2.14286
2 1 1
33 4.78788 2.21875
37 5.13514 3.75
13 4.15385 1.91667
17 4 2
29 4.41379 2.03571
38 4.73684 2.94595
36 4.83333 3.02857
37 4.37838 2.02778
21 4.28571 2.3
9 3.55556 1.625
2 1 1
26 4.76923 3.48
41 4.68293 2.5
4 3 1.33333
50 5.84 3.36735
30 4.73333 2.17241
6 3 1.6
2 1 1
27 4.59259 2.80769
58 4.75862 2.15789
11 4 1.9
24 4.66667 2.26087
9 3.55556 1.5
2 1 1
19 4.73684 2.83333
46 5.26087 2.31111
24 4.16667 1.82609
34 4.76471 2.09091
27 4.59259 2.76923
22 4.45455 2
19 4.42105 2.38889
12 4.16667 1.45455
4 2.5 1.33333
2 1 1
24 4.58333 2.30435
32 4.875 2.32258
39 4.5641 2.07895
49 5.06122 2.45833
41 5.46341 2.625
58 5.10345 3.45614
30 5 2.82759
46 5.21739 3.22222
31 5.22581 2.26667
9 3.77778 1.375
2 1 1
2 1 1
36 5.16667 3.94286
54 5.07407 2.62264
22 4.90909 1.90476
23 4.43478 1.63636
53 4.67925 2.19231
7 3.14286 1.5
2 1 1
38 4.73684 3.48649
21 5.14286 5.4
6 3 1
2 1 1
12 4.16667 1.72727
7 6 2.66667
20 4.2 2.36842
8 7 3.14286
18 4.66667 2.76471
7 6 2.66667
30 4.66667 2.62069
11 4 1.4
2 1 1
34 4.82353 3.33333
33 5.39394 2.5625
33 4.84848 2.34375
23 4.26087 1.5
9 3.55556 1.75
2 1 1
2 1 1
36 4.88889 2.74286
25 4.32 1.95833
13 3.84615 1.66667
12 3.66667 1.63636
21 4.38095 1.95
20 4.4 2.10526
21 4.28571 2.65
9 4 2.125
9 4 2.125
2 1 1
3 2 1
32 4.875 2.70968
68 4.91176 3.01493
40 4.45 2.17949
62 4.80645 4.13115
28 4.78571 2.55556
26 5.30769 3.6
63 5.30159 2.69355
29 4.68966 2.39286
16 3.875 1.4
74 4.89189 2.54795
25 4.48 1.45833
32 4.625 2.41935
8 4 1.42857
2 1 1
42 4.61905 2.41463
72 5.02778 3.57746
24 4.58333 2.34783
50 4.92 2.73469
25 4.88 3.58333
46 4.78261 2.84444
10 3.8 1.22222
2 1 1
37 5.56757 3.55556
33 4.60606 2.625
37 5.24324 3.16667
33 4.90909 1.96875
13 4.46154 1.91667
38 4.84211 2.43243
7 3.14286 1.16667
2 1 1
27 4.37037 2.23077
29 4.62069 2.21429
40 5 3.17949
28 4.64286 2.62963
20 4.1 1.78947
18 5.44444 2.35294
6 3 1.2
2 1 1
48 4.91667 3.53191
34 4.88235 2.33333
34 4.76471 2.60606
83 4.91566 3.07317
37 4.7027 2.30556
11 3.81818 1.4
2 1 1
40 4.95 2.69231
40 4.9 3.15385
29 4.68966 1.92857
11 4.54545 2.1
29 4.55172 1.82143
29 4.75862 2.35714
23 4.52174 1.77273
7 3.71429 1.66667
2 1 1
27 4.74074 2.57692
11 4.54545 1.9
55 4.87273 2.09259
17 4.94118 3
42 4.52381 2.41463
4 3 1.33333
9 3.55556 1.125
2 1 1
31 4.3871 2.23333
31 4.83871 2.83333
8 3.75 1.28571
22 4.27273 2.19048
22 4.27273 2.14286
15 4.53333 1.71429
8 3.75 1.28571
10 3.6 1.33333
2 1 1
20 4.2 2
32 5.0625 2.35484
89 4.78652 3.27273
22 4.54545 2.09524
36 4.5 1.91429
52 5.30769 4.7451
36 4.88889 2
9 3.77778 1.75
2 1 1
36 5.27778 3.08571
42 4.57143 2.19512
15 3.86667 1.35714
66 4.84848 2.41538
52 4.65385 2.70588
47 4.80851 2.06522
10 3.6 1.22222
2 1 1
18 4.11111 1.64706
46 5.52174 2.42222
43 4.60465 2.2619
17 6.94118 2.875
15 3.86667 1.5
8 3.75 1.71429
26 5.84615 2.48
10 3.8 1.66667
2 1 1
2 1 1
41 4.97561 3
21 4.09524 1.95
28 4.64286 2.33333
14 3.71429 1.38462
15 4.13333 1.78571
34 4.47059 1.78788
23 4.17391 1.59091
36 5.16667 3.8
20 4.3 1.63158
12 4 1.90909
2 1 1
44 4.72727 2.51163
54 5.37037 2.96226
7 3.42857 1.33333
2 1 1
49 5.06122 3.52083
18 5 2.47059
25 4.96 2.41667
9 4.66667 1.875
7 3.42857 1.33333
16 4.75 2.4
25 4.64 2.5
33 4.60606 2.1875
14 4.14286 1.69231
14 4.14286 1.69231
2 1 1
3 2 1
40 5.1 3.82051
25 4.8 2.54167
70 5.97143 4.98551
43 4.69767 3.54762
52 4.57692 2.11765
33 4.72727 2.28125
7 3.42857 1.66667
2 1 1
46 4.65217 2.93333
23 4.34783 1.5
28 4.5 1.77778
57 9.29825 6.26786
56 5.42857 3.03636
43 5.06977 3.78571
11 3.63636 1.1
2 1 1
31 4.58065 2.06667
30 5 3.03448
14 4 1.46154
21 4.47619 1.9
39 4.66667 3.07895
27 4.44444 1.88462
23 4.26087 1.68182
15 4 1.5
30 4.33333 1.82759
17 3.88235 1.5625
32 5.25 3.90323
8 3.25 1.14286
2 1 1
23 4.34783 1.95455
40 4.75 2.30769
56 5.85714 2.81818
33 4.60606 2.15625
36 4.66667 1.88571
37 4.59459 1.94444
16 4.875 2
27 4.51852 2.11538
12 3.83333 1.72727
2 1 1
37 5.45946 5.25
28 4.71429 2.66667
20 4.2 2.57895
27 4.2963 1.92308
26 4.38462 1.8
8 3.75 1.57143
2 1 1
26 4.76923 2.72
34 4.58824 2.36364
33 5.33333 2.875
23 4.69565 2.59091
46 5 3.15556
13 4.30769 1.58333
25 5.04 2.54167
10 3.6 1.33333
2 1 1
36 4.5 2.4
20 4.4 2.47368
31 4.32258 1.8
20 4.3 1.47368
22 4.18182 1.85714
30 4.6 2.31034
27 4.66667 2.38462
37 5.13514 3.25
5 2.8 1.5
2 1 1
40 4.9 3.25641
30 4.46667 2.27586
31 4.58065 2.16667
7 3.71429 1.33333
2 1 1
34 4.82353 2.60606
54 4.88889 2.66038
23 4.34783 2.22727
18 5 2.52941
11 3.45455 1.2
2 1 1
31 4.45161 1.96667
11 4.18182 1.7
7 3.42857 1.66667
10 3.8 2.22222
2 1 1
15 4.13333 2.92857
37 6.81081 5.22222
4 2.5 1.66667
38 4.42105 2.86486
19 4.10526 1.77778
28 4.57143 2.88889
19 4.52632 2
10 3.8 1.22222
2 1 1
43 5.11628 3.5
60 6.73333 5.98305
31 4.83871 2.33333
15 4.4 1.5
20 4.6 1.89474
8 3.5 1.14286
2 1 1
24 4.91667 2.69565
39 4.76923 2.36842
15 4.8 1.71429
37 5.02703 3.77778
17 4.47059 2.1875
29 4.55172 2.07143
14 4 1.53846
14 4 1.38462
19 4.73684 2.44444
11 3.63636 1.5
2 1 1
38 5.15789 3.37838
23 4.26087 2.36364
35 4.45714 1.85294
32 4.5 2.06452
8 3.5 1.42857
2 1 1
37 4.81081 4.80556
44 4.68182 1.74419
31 4.25806 1.7
6 3 1.6
2 1 1
26 4.76923 2.8
19 4.10526 1.88889
27 4.14815 2.07692
13 3.69231 1.75
8 3.5 1.14286
2 1 1
39 4.92308 2.78947
26 4.38462 1.8
39 5.07692 2.71053
37 4.48649 2.05556
7 3.14286 1.66667
2 1 1
22 4.27273 1.80952
18 4.11111 1.82353
19 4.84211 1.88889
27 4.37037 2.07692
22 5.09091 2.42857
8 3.5 1.57143
2 1 1
33 4.66667 2.53125
30 4.66667 2.17241
15 4.53333 2
39 4.71795 2.26316
13 3.84615 1.58333
12 3.83333 1.63636
24 4.5 1.69565
41 4.53659 2.45
25 4.8 2.5
13 4.46154 2.25
2 1 1
22 5.27273 3.71429
56 4.64286 2.74545
26 5.23077 2.52
49 5.26531 3.47917
19 5.26316 2.72222
32 4.9375 2.3871
34 4.64706 2.33333
24 5.08333 2.21739
40 4.9 4.07692
6 3.33333 1.2
2 1 1
26 5.15385 2.48
38 4.78947 2.45946
22 4.36364 2.04762
31 4.70968 1.96667
12 5 1.81818
26 4.38462 3.32
4 3 1.33333
11 3.81818 1.4
2 1 1
46 4.56522 2.8
56 4.64286 2.05455
19 4.10526 1.33333
28 4.35714 1.77778
32 4.75 1.93548
16 4.625 2.13333
16 4.625 2.13333
2 1 1
3 2 1
35 5.08571 2.41176
18 4.22222 1.76471
18 4.77778 2.41176
23 4.69565 2.63636
13 4.30769 1.58333
28 4.85714 3.25926
36 5.33333 4.48571
39 4.51282 1.73684
50 5.16 3.77551
34 4.58824 2.75758
26 5 2.2
7 3.14286 1.33333
2 1 1
24 4.5 2.6087
37 4.81081 3
19 4.10526 1.72222
23 4.34783 1.95455
9 4.22222 1.75
3 2 1.5
8 4.25 2
2 1 1
22 5.18182 3.04762
53 5.01887 4.01923
37 4.75676 2.80556
27 4.44444 2.53846
50 5.08 3.20408
31 4.51613 2
14 3.85714 1.46154
29 4.75862 2.60714
12 3.83333 1.63636
12 3.83333 1.63636
2 1 1
3 2 1
23 4.43478 2.04545
27 4.51852 2.11538
34 5.29412 2.63636
32 4.8125 3.93548
10 3.4 1.33333
2 1 1
33 4.42424 2.8125
52 4.88462 2.52941
57 5.12281 3.35714
39 4.51282 2.28947
40 4.35 1.92308
21 4.19048 1.75
34 5.23529 4.12121
23 4.43478 2.09091
9 3.55556 1.375
2 1 1
25 4.4 2.58333
40 4.85 3.74359
16 4.25 1.8
29 4.82759 1.92857
25 4.24 1.54167
47 4.51064 1.97826
33 4.30303 2.0625
26 4.69231 2.16
12 3.83333 1.54545
2 1 1
25 4.96 3.16667
17 4.35294 1.9375
35 4.8 2.82353
33 4.66667 2.4375
35 4.68571 2.52941
7 3.71429 1.33333
2 1 1
26 4.69231 2.16
55 4.94545 3.83333
58 5.06897 2.15789
27 4.96296 2.19231
28 4.42857 2.18519
24 5.08333 2.47826
29 4.68966 1.60714
14 4.28571 1.53846
2 1 1
9 4.66667 1.875
25 5.68 3.16667
8 4 1.85714
2 1 1
36 4.72222 2.51429
37 5.2973 2.91667
19 5.15789 2.66667
23 4.34783 1.45455
15 4.93333 2.57143
22 4.72727 2.14286
2 1 1
9 3.55556 1.125
2 1 1
28 4.85714 2.07407
47 5.10638 2.47826
49 4.73469 2.47917
33 4.78788 1.9375
52 5 2.03922
65 4.98462 2.26562
27 4.88889 2.19231
20 4.8 1.78947
80 5.025 2.35443
62 5.29032 2.52459
75 4.93333 2.97297
91 5.23077 2.82222
23 4.34783 2
69 5.36232 2.58824
59 4.64407 2.93103
66 5.0303 2.2
91 5.14286 3.12222
12 3.83333 1.63636
2 1 1
59 4.64407 3.18966
35 4.85714 3.5
32 4.4375 2.35484
22 4.90909 2
7 3.14286 1
2 1 1
41 4.87805 2.775
47 4.51064 1.8913
21 4.28571 2.2
32 4.5625 2.67742
19 4.84211 2.27778
37 4.75676 2.58333
11 3.81818 1.4
25 4.64 2
22 4.54545 1.85714
32 4.25 1.74194
4 2.5 1
7 4 1.5
2 1 1
35 5.02857 2.23529
45 4.8 2.5
21 4.19048 1.7
29 4.75862 2.10714
38 4.63158 2.7027
48 4.70833 2.80851
23 4.52174 2.36364
8 3.5 1.14286
2 1 1
34 5.05882 3.39394
36 4.66667 2.57143
63 4.7619 2.72581
26 5 3.04
10 3.6 1.33333
2 1 1
51 5.01961 2.78
48 4.91667 2.51064
21 4.47619 2.15
63 4.79365 2.91935
61 4.91803 3.08333
15 3.86667 1.5
15 3.86667 1.5
2 1 1
3 2 1
40 4.65 2.10256
78 4.79487 2.33766
44 4.72727 2.34884
21 4.09524 2
11 4.18182 1.5
2 1 1
23 4.69565 2.04545
47 5.23404 3.6087
28 5.21429 4.07407
36 4.61111 2.22857
29 4.41379 1.96429
11 3.63636 1.1
11 3.63636 1.1
2 1 1
3 2 1.5
20 4.6 3.52632
27 4.37037 2.5
42 4.90476 3.02439
37 4.54054 1.86111
35 4.34286 1.91176
29 4.41379 1.64286
76 6.44737 6.98667
7 3.71429 1.33333
2 1 1
28 4.42857 1.88889
26 4.23077 1.56
19 4.31579 1.38889
21 4.7619 1.8
14 4.14286 1.38462
15 4.13333 1.5
8 3.5 1.42857
2 1 1
38 4.47368 2.05405
30 5.46667 3.27586
21 4.57143 2.4
21 5.33333 2.9
17 4.11765 1.625
25 4.4 2.16667
36 4.94444 3.11429
7 4 1.5
2 1 1
2 1 1
27 4.96296 3.23077
24 4.5 1.78261
26 4.38462 3.2
30 4.86667 1.96552
46 4.78261 2.73333
24 4.75 1.69565
25 5.04 2.5
22 4.36364 1.90476
39 4.71795 2.21053
32 4.5625 2.3871
2 1 1
12 3.66667 1.54545
2 1 1
12 3.66667 1.54545
2 1 1
3 2 1
44 5.77273 3.5814
53 4.71698 2.80769
70 4.97143 2.95652
62 4.51613 2.68852
44 4.86364 2.62791
39 4.66667 2.57895
42 4.57143 2.26829
50 4.68 2.53061
10 4 1.55556
2 1 1
33 4.90909 3
25 4.64 1.875
30 4.46667 1.89655
21 4.28571 1.8
2 1 1
6 3.33333 1.8
4 2.5 1
2 1 1
6 3.33333 1.8
4 2.5 1
2 1 1
3 2 1
44 4.77273 2.11628
52 5.11538 3.11765
37 5.62162 4.52778
75 5.04 2.43243
44 4.68182 1.95349
31 4.58065 2.36667
28 4.92857 2.37037
22 4.09091 1.66667
38 4.47368 2
22 4.18182 1.66667
43 4.74419 1.88095
27 4.74074 2.57692
31 4.58065 1.96667
30 4.6 2.27586
15 4.26667 1.85714
52 4.53846 2.72549
50 6.44 4.16327
14 4.14286 2
2 1 1
35 5.02857 3.55882
15 4.4 2.42857
16 5.25 2.33333
24 4.08333 2.34783
33 5.63636 3.5
31 4.64516 1.9
27 4.59259 3.15385
37 5.13514 3.41667
21 5.52381 2.25
26 5.53846 3.08
44 4.59091 2.93023
31 4.64516 2.76667
9 3.55556 1.375
2 1 1
42 4.85714 2.70732
37 5.18919 3.61111
26 4.84615 2.28
27 5.33333 2
36 4.88889 2.91429
22 4.18182 1.71429
6 3.33333 1.8
2 1 1
26 4.76923 3.24
34 5.17647 4.15152
28 5 3.25926
10 3.6 1.77778
20 4.2 1.84211
20 4.2 1.84211
2 1 1
3 2 1
41 4.58537 3.325
39 4.66667 2.18421
19 4.52632 3.44444
55 5.34545 4.12963
7 3.42857 1.33333
2 1 1
34 5.11765 2.75758
36 5 2.88571
53 5.09434 2.69231
50 4.72 3.38776
26 4.61538 2.04
25 4.64 2.41667
10 3.8 1.77778
2 1 1
22 4.63636 3.19048
48 4.95833 2.55319
43 4.74419 2.42857
21 4.09524 1.3
25 4.48 2.125
34 4.41176 2.84848
21 4.57143 1.8
10 4.2 1.55556
2 1 1
22 4.36364 1.85714
28 4.28571 1.96296
35 4.45714 2.32353
29 7.17241 2.92857
49 4.69388 2.27083
29 4.96552 2.5
8 3.5 1.42857
18 4.66667 3.29412
20 4.2 1.36842
6 3 1.2
2 1 1
9 3.55556 1.375
7 6 2.66667
54 4.55556 1.98113
55 4.98182 2.5
6 5 2.2
50 5.08 3.5102
60 4.7 2.38983
8 3.5 1.28571
2 1 1
35 4.74286 3.61765
35 4.85714 1.91176
20 4.3 1.89474
17 4.47059 1.5625
29 4.41379 1.64286
13 4.61538 1.83333
26 4.23077 1.88
16 4 1.66667
29 4.41379 2.03571
33 5.27273 2.84375
33 4.84848 2.8125
7 3.42857 2
2 1 1
23 5.3913 3.5
35 4.68571 2.67647
20 4.2 1.57895
31 4.3871 2.13333
33 4.60606 2.65625
27 4.14815 1.73077
10 3.8 1.33333
2 1 1
36 4.77778 2.34286
41 4.58537 2.55
34 4.29412 1.87879
36 4.88889 4.34286
29 4.48276 1.82143
10 3.6 1.22222
2 1 1
2 1 1
21 4.19048 1.95
30 4.53333 1.58621
35 4.57143 2.41176
21 5.04762 2.2
27 4.51852 2.15385
45 4.88889 2.79545
17 4.35294 1.5625
16 4.75 1.73333
8 3.75 1.71429
2 1 1
24 4.75 3.3913
64 5.28125 3.74603
16 4.875 2.33333
19 4.10526 1.66667
29 5.03448 3.10714
30 4.6 2.10345
27 4.74074 2.84615
86 5.13953 2.97647
17 4.23529 2.0625
2 1 1
2 1 1
2 1 1
37 5.51351 3.47222
29 4.48276 2.5
19 4.94737 1.88889
42 4.66667 1.85366
9 3.33333 1
6 3.66667 1.8
9 3.33333 1
6 3.66667 1.8
26 4.38462 1.64
17 4.35294 1.8125
17 4.11765 1.8125
38 4.73684 2.45946
39 4.5641 2.13158
19 4.73684 2.05556
10 3.8 1.77778
35 4.85714 3.5
3 2 1
9 4.22222 1.875
2 1 1
2 1 1
49 5.18367 3.35417
34 4.70588 2.42424
22 4.81818 1.85714
29 4.41379 1.67857
43 4.60465 3.07143
35 4.51429 1.97059
43 4.60465 2.45238
27 4.74074 2
26 5.92308 2.68
11 3.81818 1.5
2 1 1
36 4.38889 2.31429
29 4.55172 2.39286
32 4.875 2.93548
21 4.38095 2
19 4.10526 1.77778
22 4.45455 2.09524
14 4.28571 2.07692
10 3.6 1.11111
2 1 1
26 4.46154 2.24
34 4.70588 2.60606
32 4.8125 3.16129
31 4.70968 1.96667
11 4.18182 1.8
25 4.56 2.125
11 3.63636 1.3
2 1 1
26 4.84615 2.36
18 4.11111 1.70588
6 3.33333 2
22 4.54545 2.2381
18 4.77778 2.76471
34 4.64706 2.69697
42 4.52381 2.70732
8 3.5 2
2 1 1
38 5.10526 2.40541
24 4.66667 2.43478
12 4 1.27273
10 3.8 1.55556
11 3.81818 1.5
19 4.21053 1.77778
18 4.11111 1.58824
11 3.63636 1.4
2 1 1
26 4.53846 1.96
37 4.75676 2.11111
43 5.06977 2.5
15 4.13333 1.35714
32 4.625 2
27 4.37037 1.88462
40 5.2 2.4359
46 4.95652 3.13333
14 4.14286 1.38462
14 4.14286 1.38462
2 1 1
3 2 1
32 4.8125 2.45161
40 5.05 3.53846
22 4.81818 3.61905
5 2.8 1.25
31 4.70968 2.9
18 4.66667 1.52941
25 5.04 3.83333
9 3.55556 1.75
2 1 1
41 5.02439 2.95
18 4.22222 1.58824
30 4.46667 1.7931
5 2.8 1.25
2 1 1
29 5.17241 2.39286
32 4.5625 2.54839
51 4.86275 3.02
38 4.89474 2.78378
43 4.97674 2.92857
49 4.93878 2.58333
11 4.18182 1.5
2 1 1
2 1 1
4 2.5 1
2 1 1
33 4.54545 2
32 5.0625 2.96774
6 3.33333 1.4
27 4.59259 2.76923
12 3.83333 2.09091
39 5.02564 2.92105
8 3.5 1.28571
2 1 1
28 4.92857 3.74074
31 4.19355 1.96667
11 4.72727 1.9
54 4.66667 3.69811
39 4.5641 2.05263
57 4.66667 2.32143
53 4.83019 2.63462
11 3.63636 1.5
2 1 1
2 1 1
40 4.6 2.53846
44 4.81818 2.60465
18 4 2
12 3.83333 1.81818
11 4 1.7
16 4 1.66667
29 5.44828 3.14286
24 4.66667 2.95652
18 4.88889 3.76471
20 4.1 2.78947
22 4.36364 2
16 4.375 1.73333
21 4.7619 2.3
6 3 1.4
2 1 1
28 4.85714 2.92593
25 4.4 2.83333
26 4.92308 2.96
27 4.74074 2.23077
37 4.54054 2.75
10 3.8 1.77778
2 1 1
23 4.43478 2.13636
39 4.87179 3.02632
22 4.27273 2.09524
31 4.64516 3
28 4.21429 1.81481
26 4.38462 2.12
16 4.25 1.73333
11 6.36364 3.2
18 4.55556 2.29412
16 5 2.93333
9 3.55556 1.625
2 1 1
31 5.16129 3.13333
36 4.88889 2.57143
36 5.11111 2.08571
18 4.55556 2.23529
30 5.06667 2.75862
55 4.94545 2.09259
21 5.04762 2.95
23 4.52174 2.09091
13 3.84615 1.75
2 1 1
31 5.29032 3.66667
52 5.15385 3.64706
20 4.6 2.42105
28 4.85714 2
18 4.33333 2.76471
2 1 1
11 3.45455 1.1
2 1 1
11 3.45455 1.1
2 1 1
2 1 1
19 4.42105 1.66667
13 4 1.75
19 3.89474 1.72222
21 5.33333 3.05
30 4.8 2.7931
17 4 1.625
18 4.44444 1.64706
31 5.6129 3.56667
17 4.47059 1.6875
31 8.3871 4.4
23 4.08696 1.72727
2 1 1
11 3.45455 1.1
6 3.66667 1.8
2 1 1
11 3.45455 1.1
6 3.66667 1.8
38 4.89474 2.54054
26 4.46154 1.8
22 4.36364 1.80952
21 4.19048 1.6
32 5.25 4.32258
17 4.70588 2.6875
45 5.2 4.15909
30 4.8 2.27586
46 5.13043 4.6
12 4 1.54545
2 1 1
43 5.34884 2.83333
36 4.77778 2.77143
21 4.19048 1.85
24 4.41667 2.34783
5 2.8 1
2 1 1
25 4.64 2.25
47 4.59574 1.97826
25 4.96 2.375
26 4.84615 2.28
32 4.6875 2.09677
35 4.62857 2.23529
30 4.8 1.72414
10 3.6 1.55556
2 1 1
36 4.61111 2.4
38 5.42105 3.27027
41 4.43902 2.725
31 4.83871 3.36667
52 5.61538 3.27451
25 4.88 2.20833
47 4.6383 2.71739
26 4.38462 1.48
7 3.42857 1.66667
2 1 1
30 4.93333 4.51724
36 4.66667 1.88571
30 4.46667 2.86207
44 4.5 2.23256
35 4.91429 3.61765
11 4 1.8
2 1 1
45 5.42222 3.36364
67 5.49254 2.78788
36 4.88889 2.68571
17 4.35294 1.9375
35 4.97143 2.67647
8 3.25 1
2 1 1
31 4.51613 2.53333
46 5.26087 2.88889
18 4.22222 1.64706
42 5.14286 3.58537
2 1 1
2 1 1
3 2 1
17 4.47059 2.625
4 2.5 1.33333
3 2 1
6 3 1.2
2 1 1
3 2 1
31 5.03226 2.4
24 4.25 1.91304
12 3.83333 2.09091
9 3.33333 1.125
13 4.15385 2.25
19 4.10526 1.5
7 3.42857 1.33333
18 4.33333 1.76471
7 3.14286 1.5
2 1 1
3 2 1
32 4.4375 2.09677
30 4.46667 2.37931
19 4.21053 1.61111
3 2 1
10 4.6 2
2 1 1
3 2 1
31 4.3871 2.3
41 4.68293 1.775
12 4 1.81818
3 2 1
10 4.6 2
6 3.66667 1.8
3 2 1
24 4.5 2.21739
22 5 3.66667
40 4.7 2.33333
15 6 2.28571
10 3.6 1.44444
2 1 1
3 2 1
25 4.48 2.29167
41 4.82927 2.675
20 4.1 1.47368
18 4 1.41176
31 4.45161 1.76667
34 5 2.93939
36 5.11111 3.2
10 3.6 1.88889
2 1 1
2 1 1
3 2 1
18 4.22222 3.05882
46 5.13043 2.42222
11 4.36364 1.7
7 3.42857 1.33333
2 1 1
3 2 1
70 5 2.18841
54 4.81481 2.56604
37 4.48649 2.11111
65 4.61538 2.95312
26 4.15385 1.72
8 3.5 1.42857
2 1 1
3 2 1
51 4.7451 2.5
53 4.79245 2.98077
58 5.31034 3.85965
10 3.8 1.44444
2 1 1
3 2 1
21 5.04762 2.85
50 4.88 2.38776
23 4.17391 1.54545
30 4.33333 1.44828
17 4 1.625
18 4.22222 2.17647
7 3.71429 1.66667
2 1 1
3 2 1
66 4.48485 1.98462
57 4.59649 2.80357
59 4.67797 2.87931
10 4.2 1.55556
2 1 1
3 2 1
25 4.48 2.83333
7 3.42857 1.5
23 4.26087 1.72727
38 4.52632 2.35135
4 3 1.33333
8 4 1.85714
2 1 1
3 2 1
43 4.69767 2.57143
44 4.68182 2.09302
27 5.11111 2.73077
5 3.2 1.75
24 4.33333 1.95652
7 3.71429 1.66667
2 1 1
3 2 1
45 4.75556 2.95455
12 4.16667 1.63636
32 4.75 2.45161
19 5.78947 2.55556
33 5.21212 3.6875
3 2 1
7 3.71429 1.66667
4 3 1.33333
3 2 1
7 3.71429 1.66667
4 3 1.33333
59 4.71186 2.06897
40 4.55 2.33333
3 2 1
7 3.71429 1.66667
6 3.66667 1.8
3 2 1
7 3.71429 1.66667
6 3.66667 1.8
22 4.18182 1.71429
49 4.97959 2.625
28 4.35714 1.66667
19 4.31579 1.66667
11 3.63636 1.2
2 1 1
3 2 1
71 5.23944 4.3
33 4.48485 1.84375
48 4.66667 2.44681
73 4.79452 3.13889
43 4.65116 3.09524
23 4.34783 2.63636
43 5.76744 2.90476
27 4.88889 2.73077
5 3.2 1.5
2 1 1
3 2 1
11 3.81818 1.4
3 2 1
27 5.03704 2.38462
37 4.32432 2.19444
3 2 1
28 4.92857 3.48148
32 5.25 2.32258
47 5.02128 2.17391
3 2 1
30 4.53333 2.10345
30 4.53333 1.58621
39 4.66667 2.21053
3 2 1
5 3.2 1.5
3 2 1
6 3.66667 1.8
3 2 1
32 4.6875 1.93548
10 3.6 1.22222
26 4.92308 2.64
3 2 1
29 4.96552 2.64286
36 5.94444 3.34286
38 4.42105 2.10811
11 3.63636 1.1
2 1 1
3 2 1
16 3.875 1.26667
49 4.93878 2.97917
12 4.16667 2
11 4.54545 2.4
14 4.14286 1.46154
12 3.66667 1.18182
10 3.8 1.77778
2 1 1
3 2 1
18 4.77778 2.05882
43 5.2093 3.2619
42 4.80952 1.82927
8 3.25 1.42857
2 1 1
3 2 1
32 4.5 2.06452
27 4.88889 2.42308
31 4.96774 2.86667
35 4.68571 3.02941
28 4.42857 2.37037
8 3.75 2.28571
2 1 1
3 2 1
24 4.91667 2.86957
5 3.2 1.5
29 4.75862 1.89286
15 4.4 2.28571
11 4.18182 1.5
2 1 1
3 2 1
17 4.47059 1.9375
20 4.4 1.94737
2 1 1
12 3.66667 1.54545
17 4.35294 2
6 3 1.2
2 1 1
3 2 1
29 4.55172 2.28571
22 4.81818 2.52381
11 3.45455 1.3
2 1 1
3 2 1
13 3.84615 1.5
16 4 1.53333
32 4.75 2.29032
28 4.64286 2.62963
30 4.93333 2.48276
15 3.73333 1.5
10 4 1.55556
2 1 1
3 2 1
15 4.26667 1.57143
57 5.82456 3.41071
54 7.81481 8.54717
23 4.6087 2.18182
30 4.8 2.48276
63 4.98413 2.72581
8 3.5 1.28571
2 1 1
3 2 1
17 4.23529 2.1875
30 4.46667 1.7931
47 5.10638 4.13043
20 4.7 2.31579
19 4.31579 1.61111
2 1 1
2 1 1
11 4.54545 1.6
2 1 1
3 2 1
26 4.61538 1.96
26 4.76923 1.92
52 4.92308 2.66667
8 3.25 1
2 1 1
3 2 1
26 4.69231 2.56
35 5.08571 2.41176
32 4.375 2
15 4.66667 1.78571
10 4.2 1.66667
2 1 1
3 2 1
34 4.76471 2.66667
16 3.875 1.53333
31 4.70968 2.5
35 4.57143 2.55882
48 4.75 2.91489
21 4.09524 1.8
19 4.31579 1.88889
41 5.12195 2.825
8 3.5 1.57143
2 1 1
44 4.86364 2.25581
32 4.5625 2.29032
15 4.53333 2.64286
5 2.8 1
2 1 1
3 2 1
53 5.24528 3.59615
29 4.89655 2.85714
41 5.02439 2.425
3 2 1
5 2.8 1
6 3.66667 1.8
3 2 1
30 4.46667 2.51724
19 4.31579 2.38889
14 4 1.76923
28 5.71429 3.18519
44 4.81818 2.83721
6 4 1.8
2 1 1
23 4.43478 1.81818
43 4.69767 2.54762
7 3.42857 1.33333
2 1 1
18 4.22222 1.94118
26 4.53846 2.32
22 4.18182 1.95238
16 3.875 1.6
23 4.78261 3.5
36 4.44444 2.25714
55 5.01818 2.55556
33 4.36364 2.125
16 4.125 1.66667
43 5.34884 2.71429
37 4.91892 2.02778
10 3.6 1.66667
16 4.625 2.66667
20 4.5 1.94737
43 5.11628 2.71429
23 4.86957 2.54545
24 4.83333 1.69565
4 2.5 1
2 1 1
2 1 1
35 4.57143 2.35294
42 5.19048 2.65854
35 5.08571 1.91176
41 4.87805 2.525
26 5.69231 3.92
29 5.51724 4.10714
23 4.34783 1.45455
15 4.26667 2.07143
72 4.83333 3.08451
7 4 1.66667
2 1 1
31 5.29032 2.9
19 4.21053 2.05556
50 5.16 2.4898
6 3.33333 1.2
2 1 1
41 5.56098 3.95
62 6.29032 4.7541
2 1 1
14 4.57143 2.69231
14 4.57143 2.69231
8 3.75 1.28571
2 1 1
3 2 1
25 4.48 2.20833
3 2 1
4 2.5 1.33333
10 5.4 2.66667
2 1 1
5 4 1.75
4 2.5 1
2 1 1
3 2 1
5 3.2 1.25
2 1 1
3 2 1
26 5.30769 2.2
15 6.53333 4
4 2.5 1
6 4 1.6
4 2.5 1
5 2.8 1.25
4 2.5 1
7 4 1.66667
4 2.5 1
4 2.5 1.33333
4 2.5 1
4 3 1.33333
4 2.5 1
4 3 1.33333
4 2.5 1
7 3.42857 1.66667
2 1 1
3 2 1
35 4.62857 2.41176
12 4.5 1.63636
19 4.31579 2.11111
23 4.52174 2.22727
8 3.5 1.71429
2 1 1
3 2 1
35 4.57143 2.97059
20 4.9 2.36842
9 4 1.375
26 6.15385 2.88
18 4.66667 1.88235
11 3.81818 1.9
38 4.31579 2.43243
9 3.55556 1.375
2 1 1
2 1 1
3 2 1
28 4.42857 2.14815
13 5.07692 2.33333
52 4.96154 2.92157
7 3.14286 1.16667
34 4.29412 2
3 2 1
9 3.55556 1.25
6 3.66667 1.8
3 2 1
9 3.55556 1.25
6 3.66667 1.8
26 4.61538 2.08
19 4.94737 1.77778
29 4.89655 2.35714
13 4.46154 1.91667
30 5 2.62069
32 4.375 2.09677
7 3.71429 1.66667
2 1 1
3 2 1
38 4.78947 2.18919
32 4.875 2.77419
32 4.9375 2.32258
28 4.85714 2.44444
5 2.8 1.5
3 2 1
5 3.2 1.25
2 1 1
3 2 1
42 4.90476 3.07317
41 5.5122 2.5
36 5.5 4.08571
8 3.5 1.71429
2 1 1
3 2 1
25 4.16 1.58333
23 4.17391 1.5
16 4.375 2
20 4.2 2.21053
26 4.53846 2.28
45 4.88889 2.88636
21 4.09524 1.75
11 3.63636 1.3
2 1 1
3 2 1
29 4.82759 2.92857
25 4.64 2.875
14 5.71429 3.53846
19 4.10526 1.66667
8 3.5 1.28571
2 1 1
3 2 1
40 5.15 3.5641
25 4.16 1.75
15 4.53333 2
8 5.75 3.28571
2 1 1
3 2 1
37 5.40541 2.86111
21 6.19048 2.7
2 1 1
9 3.55556 1.875
2 1 1
3 2 1
23 4.34783 2.45455
45 4.71111 2.34091
31 4.70968 2.06667
5 2.8 1.25
2 1 1
3 2 1
15 4 1.57143
8 5 3.42857
9 4 1.375
9 4 1.5
11 5.09091 3.4
9 4 1.375
9 6.66667 3.75
9 4 1.375
9 4 1.5
8 5.75 3.28571
8 5.75 2.42857
9 4 1.625
6 3 1
2 1 1
3 2 1
41 4.53659 2.15
25 4.24 1.95833
43 4.74419 2.33333
25 4.4 1.79167
45 4.97778 2.88636
43 4.65116 1.83333
2 1 1
12 4.5 1.63636
2 1 1
3 2 1
37 5.72973 4.5
24 4.41667 1.78261
30 4.66667 2.75862
27 4.14815 2.34615
28 4.57143 2.07407
12 3.83333 1.36364
2 1 1
3 2 1
40 4.7 2.61538
61 4.72131 2.33333
64 4.71875 2.25397
28 4.35714 1.96296
26 4.76923 2.4
25 4.72 2.20833
26 5.30769 2.36
33 4.60606 2.59375
33 4.48485 2
40 4.85 3
29 4.68966 2.25
10 3.6 1.22222
44 5.31818 2.72093
2 1 1
18 4.11111 1.82353
29 4.68966 2.42857
34 4.23529 2.09091
13 4.15385 1.83333
2 1 1
3 2 1
31 4.70968 2.43333
27 4.66667 2.34615
16 4.125 1.6
26 4.53846 1.88
12 3.83333 1.27273
42 4.57143 1.80488
23 4.17391 1.81818
8 3.5 1.14286
2 1 1
3 2 1
24 4.25 1.78261
43 4.65116 2.28571
43 5.02326 3.5
90 4.97778 3.38202
23 4.17391 1.77273
22 4.27273 1.42857
94 4.85106 3.46237
7 3.42857 1.5
2 1 1
3 2 1
12 4.16667 1.54545
46 5.78261 3.02222
27 4.37037 2.5
16 4.375 1.86667
17 4.11765 2.0625
12 4 2.18182
2 1 1
3 2 1
26 4.53846 2.04
11 3.81818 1.8
25 4.48 2.33333
25 5.44 2.41667
27 4.37037 1.92308
21 4.66667 1.7
6 3.33333 1.2
2 1 1
3 2 1
19 4.10526 1.94444
21 4.19048 1.75
32 4.875 2.3871
27 5.48148 3.07692
14 5.85714 3.15385
27 4.88889 2.15385
7 3.42857 1.33333
2 1 1
3 2 1
34 4.64706 2.30303
23 4.43478 2.18182
11 5.09091 2.5
9 3.77778 1.625
18 5 2
19 4.63158 2.22222
33 4.9697 3.125
12 4 1.81818
2 1 1
3 2 1
53 5.24528 2.98077
44 5.59091 2.88372
9 4.22222 2.5
45 4.53333 2.54545
19 4.52632 2
46 4.47826 2.8
9 3.55556 1.375
2 1 1
3 2 1
38 5.10526 2.43243
38 4.89474 2.37838
34 4.29412 1.66667
7 3.14286 1.33333
2 1 1
3 2 1
33 4.60606 3.375
20 4.4 2.10526
20 4.6 2.78947
9 3.77778 1.875
7 3.14286 1.33333
2 1 1
3 2 1
35 4.85714 3.55882
17 4.47059 2.1875
11 3.81818 2
5 2.8 1
2 1 1
3 2 1
31 4.77419 2.23333
32 4.9375 2.70968
39 4.87179 2.73684
23 4.43478 1.72727
31 4.70968 2.2
38 5 2.48649
38 4.73684 2.59459
5 2.8 1.5
2 1 1
3 2 1
25 4.48 2.25
79 5.21519 3.98718
69 4.92754 3.73529
8 3.5 1.85714
2 1 1
3 2 1
18 4.55556 1.64706
14 3.85714 1.84615
13 3.69231 1.75
36 5.27778 3.31429
9 3.77778 1.375
8 4 1.71429
6 3 1.2
17 4 2.1875
24 4.25 2.08696
10 4.4 2
2 1 1
3 2 1
38 6.84211 3.91892
41 4.34146 1.875
25 5.2 3.75
46 5.65217 5.11111
23 4.17391 2.09091
5 2.8 1.25
2 1 1
3 2 1
12 4 1.72727
17 4.23529 1.875
20 4.3 1.73684
15 4 2
15 5.06667 3
18 4.22222 1.88235
32 5.3125 2.70968
17 4.35294 1.5625
19 4.21053 2.05556
14 4 2
7 3.42857 1.33333
2 1 1
3 2 1
22 4.45455 2.61905
49 4.53061 2.16667
33 4.84848 3
34 4.58824 2.90909
43 4.69767 2.54762
7 3.71429 1.66667
2 1 1
3 2 1
32 4.5625 2.87097
50 4.76 3.26531
43 4.93023 2.11905
20 4.7 2.15789
30 4.6 2.37931
12 3.66667 1.54545
2 1 1
3 2 1
39 4.82051 3.34211
63 4.88889 3.19355
21 4.19048 1.45
30 4.46667 2
23 4.52174 2.5
40 4.85 2.48718
23 4.17391 1.63636
28 4.35714 2.07407
17 4 1.5625
22 4.36364 2.71429
13 3.69231 1.08333
2 1 1
3 2 1
24 4.58333 2.08696
41 4.97561 2.85
17 4.11765 1.5625
22 4.45455 1.80952
27 5.33333 4.19231
27 4.59259 2
24 4.41667 2.86957
31 4.64516 1.9
46 4.6087 2.33333
23 4.43478 2.68182
10 3.6 1.44444
2 1 1
3 2 1
26 4.61538 2.2
33 4.72727 2.46875
27 4.74074 2.30769
32 4.5 2.06452
27 4.51852 2.38462
45 5.37778 3.13636
8 3.5 1.57143
2 1 1
3 2 1
35 5.25714 2.85294
17 4.58824 2.0625
22 4.27273 1.95238
13 3.69231 1.16667
2 1 1
2 1 1
3 2 1
42 4.71429 2.5122
43 4.7907 2.47619
32 4.5 1.54839
36 4.55556 1.91429
31 5.09677 2.66667
60 5.06667 3.20339
