20 4.3 2.68421
16 4.375 2.13333
17 5.29412 2.875
20 4.6 2.73684
6 4 1.6
2 1 1
7 4 1.83333
7 3.71429 1.5
7 3.71429 1.33333
2 1 1
16 4.875 1.93333
25 5.12 2.66667
13 4 1.33333
9 4 2.375
13 4.76923 1.66667
2 1 1
12 4.33333 2
7 4 1.5
7 3.71429 1.83333
9 5.55556 2.375
10 4.2 1.77778
10 4.2 1.55556
11 4.72727 1.8
22 5.63636 3.28571
13 4.76923 2.33333
8 3.75 1.42857
2 1 1
25 4.8 2.29167
6 3.66667 1.8
17 5.88235 2.5625
9 4 1.375
2 1 1
13 4.30769 2.5
26 5.07692 2.2
19 5.05263 2.83333
20 4.8 2.05263
10 4.6 1.88889
15 5.33333 2.5
9 4 1.75
8 4 2
10 4.2 1.55556
17 4.70588 2.1875
2 1 1
2 1 1
8 4 1.71429
3 2 1
19 5.47368 2.66667
4 3 1.33333
18 5.11111 2.29412
4 3 1.33333
11 4.72727 1.7
15 4.53333 2.07143
10 4.8 1.77778
6 4 1.6
7 3.42857 1.16667
9 3.55556 1.375
13 5.07692 2.91667
6 3.33333 1.2
7 3.71429 1.5
13 4.76923 2.08333
17 5.76471 3.25
6 4 1.6
9 5.33333 2.125
12 4 1.54545
2 1 1
9 4.22222 1.5
5 2.8 1
5 2.8 1
5 3.2 1.25
8 3.5 1.14286
5 3.2 1.25
2 1 1
5 3.2 1.25
5 3.2 1.25
25 5.28 2.79167
2 1 1
2 1 1
9 4.44444 2.625
5 3.2 1.5
13 4.76923 2.08333
7 4.28571 2.16667
8 4 1.71429
18 4.77778 2.05882
7 4 2.16667
4 3 1.33333
3 2 1
6 3.33333 1.4
5 3.2 1.5
11 4 1.5
7 3.42857 1.16667
9 4.22222 1.625
20 5.1 2.89474
9 4.66667 2.125
14 4.42857 1.92308
7 4 1.83333
2 1 1
6 4 1.6
15 4.26667 1.78571
8 4.25 1.85714
5 3.2 1.25
2 1 1
14 4.57143 1.69231
16 4.5 2.26667
4 2.5 1
7 4 1.5
5 3.2 1.5
2 1 1
13 4.15385 1.83333
11 4 1.8
14 4.57143 2.23077
2 1 1
11 4.18182 1.7
10 4.2 2.22222
6 3.33333 1.4
17 4.82353 2.125
14 4.85714 1.76923
4 3 1.33333
2 1 1
16 4.625 1.8
16 5.125 2.4
22 4.63636 2.28571
22 4.63636 2.28571
13 4.76923 2.83333
3 2 1
19 5.26316 2.38889
13 4.46154 1.58333
9 3.77778 1.375
14 6.14286 2.61538
2 1 1
9 4.22222 2.125
2 1 1
17 4.82353 2.75
13 4.15385 1.66667
3 2 1
14 5.28571 2.84615
14 5 3
21 4.85714 3.85
14 4.42857 2
20 4.2 1.94737
16 5.125 2.53333
10 4 1.55556
2 1 1
2 1 1
8 4.25 2.28571
5 3.2 1.25
9 4 1.5
7 3.42857 1.5
13 4.76923 2.08333
7 4.85714 2
10 4.2 1.66667
4 3 1.33333
9 4.66667 1.75
5 4 1.75
14 4.71429 2
20 4.9 2.42105
17 5.17647 2.3125
23 5.21739 2.45455
6 3.33333 1.2
28 5.21429 2.96296
10 4 1.66667
10 6.4 2.77778
14 5.14286 2.15385
16 4.875 2.06667
5 4 1.75
3 2 1
6 3.66667 1.4
10 4.6 2.11111
11 4 2.2
38 5.68421 4.27027
20 5.4 3.42105
14 5 4
12 4.16667 1.63636
4 2.5 1.33333
15 4.53333 2
14 4.57143 1.92308
14 5.57143 3.76923
4 2.5 1
23 5.82609 2.90909
38 5 2.75676
8 3.5 1.14286
5 4 1.75
23 5.21739 2.36364
5 3.2 1.5
6 3.33333 1.2
17 5.29412 2.0625
5 4 1.75
3 2 1
2 1 1
9 4 1.75
22 5.72727 2.61905
12 5 2.36364
12 5 2.09091
12 4.66667 1.81818
4 2.5 1
20 4.8 1.78947
7 3.71429 1.5
24 5.08333 2.56522
14 7.71429 4
20 5.1 2.05263
11 4.18182 1.9
7 4.85714 2.33333
11 3.81818 1.9
43 5.90698 3.04762
21 5.61905 3.25
47 5.61702 5.1087
5 3.2 1.5
15 4.93333 1.85714
20 5.2 1.94737
2 1 1
2 1 1
3 2 1
4 3 1.33333
14 4.71429 2.07692
16 4.625 1.73333
3 2 1
13 4.92308 2
5 3.2 1.25
8 4.25 2.28571
7 3.71429 1.66667
11 4.18182 2
11 4.36364 1.9
4 3 1.33333
4 3 1.33333
3 2 1
11 4.90909 2.3
3 2 1
8 4 1.42857
10 4.6 2
12 5.66667 2.27273
14 4.42857 1.61538
13 4.61538 2
15 4.4 1.85714
18 4.88889 2.94118
8 3.75 1.28571
41 5.07317 3
41 5.07317 3
12 4.66667 1.90909
27 5.77778 2.84615
19 4.63158 2.05556
15 4.4 2.07143
13 4.46154 2.08333
3 2 1
26 5.15385 2.64
7 4 1.5
15 5.06667 2.14286
31 5.22581 2.43333
11 6.36364 3.6
34 5.94118 3.09091
10 5.2 3
12 4.5 2.90909
12 4.16667 1.81818
29 5.37931 3.03571
15 5.06667 2.28571
5 4 1.75
6 4 2
12 4.5 1.90909
24 5.16667 2.3913
5 2.8 1
17 4.94118 3.3125
18 4.88889 2.05882
21 5.71429 2.7
20 5.4 2.31579
21 6.47619 3.75
17 4.82353 2.1875
18 5.44444 2.23529
17 5.05882 2.5625
16 5.875 3
8 3.75 1.42857
6 3.66667 1.8
4 2.5 1
4 2.5 1
7 3.42857 1.16667
6 3.33333 1.2
33 5.45455 3.125
5 2.8 1
10 4.4 2
40 5.15 3.20513
9 4.22222 1.75
8 3.75 1.57143
23 5.13043 3.54545
5 3.2 1.5
16 4.875 2.46667
13 4.30769 2.5
24 5.5 3.95652
10 4 1.88889
4 2.5 1
11 7.45455 3.8
21 5.14286 2.6
19 4.73684 2.72222
32 5.75 3.3871
24 5.25 2.3913
26 5.15385 2.12
16 5 2.73333
10 4.8 2.11111
15 4.66667 2.07143
22 5.54545 4
13 4 2.58333
15 4.66667 2.5
18 4.66667 2.35294
10 5.4 2.66667
14 4.28571 1.84615
12 4.83333 2
11 6.36364 3.3
13 5.69231 2.5
12 4.33333 2.27273
9 4 1.5
9 4.66667 1.75
15 5.46667 2.21429
13 4.76923 2.41667
6 3.33333 1.2
17 4.70588 2.125
3 2 1.5
17 4.94118 2.125
19 5.26316 2.88889
14 4.71429 3
14 5 2.76923
12 4.66667 1.90909
7 4 1.66667
13 4.30769 2.5
24 5 3.21739
24 4.66667 2.69565
7 4 1.5
7 3.42857 1.66667
4 2.5 1
13 5.38462 2.33333
11 4.18182 1.6
19 4.94737 2.66667
10 4.8 2
10 4.8 1.77778
8 4.75 2.14286
9 4.66667 1.875
12 5 1.81818
8 3.5 1.14286
14 4.85714 1.92308
21 5.33333 2.4
8 3.5 1.57143
10 4.2 2.55556
21 4.85714 1.95
16 4.75 3.2
8 3.75 1.85714
7 4.85714 2
7 4 1.83333
17 4.58824 2.1875
5 3.2 1.25
13 4.46154 1.83333
15 4.93333 2.28571
11 4.36364 2.5
13 4.30769 2.16667
10 4.2 1.66667
14 5.14286 1.92308
10 4.2 1.66667
17 4.94118 2.6875
16 4.25 2.2
15 4.66667 2.35714
12 4.33333 2.27273
17 4.94118 2.5
25 5.36 2.70833
12 4.66667 2.18182
10 4.2 1.44444
15 4.8 2
10 4.2 1.44444
22 4.72727 2.38095
8 3.75 1.57143
9 4.22222 1.75
9 4.88889 2
15 4.53333 2
20 5 2.31579
7 4.85714 2
15 4.8 2.14286
16 5.625 2.13333
19 4.73684 2.11111
13 5.53846 2.58333
17 5.29412 2.25
12 4.33333 2
15 4.8 1.78571
17 4.47059 2.25
20 4.9 1.84211
13 4.61538 1.91667
11 4.72727 2
10 4 1.77778
19 4.52632 2.44444
5 3.2 1.5
23 4.17391 1.63636
7 3.42857 1.16667
7 3.71429 1.83333
12 4.16667 1.72727
7 3.71429 1.66667
6 3.33333 1.2
15 4.53333 3.57143
12 4 1.27273
12 4.83333 1.72727
31 5.35484 2.5
13 4.46154 1.58333
7 4 1.5
10 4.8 1.88889
14 5.57143 2.38462
12 3.83333 1.45455
8 3.75 1.42857
11 5.45455 2.5
16 5.25 2.66667
18 5.22222 2.47059
11 4.18182 1.6
21 5.04762 2.85
7 3.42857 1.33333
4 2.5 1
20 4.5 2.21053
21 5.42857 2.1
10 4.2 1.44444
7 4.85714 2
10 4.8 1.77778
9 4.22222 2.25
3 2 1.5
16 4.5 2.13333
9 4.44444 2.125
16 5.25 2.86667
7 3.71429 1.33333
19 5.26316 2.5
18 5.11111 2.47059
27 4.88889 2.34615
20 5.3 2.52632
13 5.07692 2.83333
9 4.66667 2.125
14 4.85714 2
10 4.6 1.77778
16 4.625 2.4
11 4.54545 3.1
15 4.53333 2.28571
31 5.16129 2.56667
16 5 2.2
5 3.2 1.25
9 5.55556 2.25
6 3 1
9 4.88889 1.875
20 5.5 2.94737
12 4.83333 1.81818
7 3.42857 1.16667
15 4.66667 2
17 5.17647 2.6875
12 5 2.63636
13 4.15385 2.75
12 5.5 2.09091
18 5.88889 2.70588
15 4.66667 1.78571
15 5.06667 2.92857
16 4.25 1.8
9 4.22222 2.375
8 4.25 2.14286
17 4.35294 2.25
6 3.33333 1.4
16 4.625 2.2
15 5.33333 2.28571
13 4.76923 2.83333
8 5 2
12 5.16667 2.09091
20 5.3 2.42105
17 5.29412 2.625
20 4.8 3.57895
25 5.52 2.54167
17 5.17647 3.5
16 4.125 2
11 4.18182 2.1
24 5.08333 2.21739
17 4.47059 2
17 4.35294 1.6875
11 5.09091 2.1
9 5.77778 3
7 4.28571 2.16667
11 4.72727 2.3
20 5.1 2.68421
23 5.13043 2.81818
11 4.90909 2
7 3.42857 1.33333
9 4.22222 1.75
19 5.47368 3.66667
25 4.64 3.20833
11 4.72727 2
23 4.69565 3
21 4.47619 2.2
9 4.66667 1.75
19 4.63158 2.33333
13 5.69231 3.25
27 5.18519 2.5
18 4.77778 2.05882
9 3.77778 1.375
17 4.94118 2.375
9 4.22222 1.5
8 4 1.71429
6 5 2.2
17 4.70588 2.125
14 4.57143 1.76923
5 4 1.75
19 4.21053 2.33333
14 4.28571 1.76923
11 4.72727 2.4
9 3.77778 1.25
9 3.33333 1
10 4.2 2
2 1 1
2 1 1
25 4.72 3
10 4.2 1.66667
17 4.23529 1.8125
10 4 1.33333
16 4.875 2.33333
7 3.14286 1
15 4.26667 2.64286
9 4.66667 2.375
17 4.82353 2.125
2 1 1
10 4.2 1.88889
10 4.6 2.88889
15 4.8 2.64286
9 4.88889 1.875
22 5.18182 2.33333
9 3.55556 1.125
6 3.33333 1.2
12 4.33333 1.90909
13 5.53846 2.33333
8 3.5 1.14286
15 4.66667 2.42857
15 4.13333 1.71429
8 3.75 1.42857
11 4.90909 3.2
10 4 1.44444
25 4.88 3.41667
14 4.42857 1.92308
14 4.71429 2.69231
3 2 1
8 4.25 2.42857
22 5.27273 2.90476
12 5.33333 2.90909
9 4.22222 2
30 8.6 4.27586
11 4.90909 2.4
2 1 1
14 4.14286 1.76923
15 4.26667 2.07143
22 4.36364 3.09524
9 4.66667 2
10 4.8 2.55556
29 5.03448 3.53571
19 5.26316 2.44444
23 5.13043 2.27273
6 3.33333 1.4
24 4.91667 2.86957
11 4.36364 1.6
18 4.88889 2.47059
8 4 1.42857
11 4.18182 2.5
21 4.95238 3.05
13 4.46154 1.75
20 5.4 2.52632
6 3.33333 1.6
13 4.30769 1.83333
20 4.3 1.94737
7 4 1.5
16 5.125 2.26667
6 3.33333 1.4
10 4.4 1.55556
8 4 1.42857
17 4.47059 2.4375
16 4.5 2.46667
17 5.17647 2.25
9 4.66667 2.25
5 3.2 1.25
8 4.25 2.14286
13 4.61538 2.16667
13 4.76923 1.66667
8 4 1.71429
9 4.66667 2
14 4.71429 2.38462
14 5.85714 4.46154
13 4.15385 1.91667
10 4.6 2
22 4.72727 3.14286
15 4.26667 2.14286
19 5.26316 2.72222
8 3.75 1.42857
15 4.8 2.92857
11 4.36364 1.9
13 4.46154 1.5
7 4 1.5
16 4.75 2.2
14 4.71429 2.30769
7 4 1.5
8 3.75 1.28571
9 4 2.125
13 5.38462 2.41667
5 4 1.75
16 4.5 2.46667
14 4.14286 1.61538
21 5.04762 2.6
20 4.5 1.68421
17 5.41176 2.75
12 4.16667 1.72727
9 3.77778 1.25
14 4.28571 1.76923
12 4.33333 1.90909
6 4 1.6
22 5 2.28571
10 3.8 1.55556
18 5 2.47059
8 4.75 2
19 4.63158 2.16667
7 3.42857 1.33333
9 4.22222 2.375
6 3 1
7 4.85714 2
5 2.8 1.5
16 4.375 2.53333
17 4.35294 1.8125
6 3.33333 1.6
4 3 1.33333
11 4.90909 2
8 3.5 1.14286
17 4.94118 2.5
15 4 1.85714
6 4 1.6
10 4.8 2.11111
8 3.5 1.14286
16 4.875 2.6
7 4.28571 1.66667
12 4.5 2.36364
13 4.92308 2.25
22 4.81818 2.2381
9 4 1.375
10 3.8 1.66667
7 3.71429 2
8 3.75 1.71429
6 3.33333 1.4
23 5.47826 4.22727
10 4.2 1.77778
3 2 1
13 4.76923 1.66667
9 4.88889 2.375
15 4.66667 2.07143
7 3.71429 1.66667
9 4.66667 2.5
9 3.77778 1.75
13 4.15385 3
7 4 1.83333
5 3.2 1.5
8 4.25 2.14286
5 3.2 1.5
11 4.36364 1.7
7 3.71429 1.66667
14 4.85714 3.53846
21 4.85714 2.35
8 4 2.28571
13 5.07692 2.16667
7 4.28571 1.66667
15 4.93333 2.5
16 4.5 2.86667
27 4.81481 3.53846
10 4.4 1.66667
9 4 1.75
12 4.66667 2.45455
17 4.35294 2.375
7 3.42857 1.66667
11 4.54545 1.6
17 5.05882 2.3125
6 3.33333 1.4
21 4.57143 2.25
17 5.17647 2.125
11 4.36364 2.3
9 3.77778 1.375
3 2 1
18 5.11111 3.11765
22 4.90909 2.57143
27 5.18519 3.76923
21 4.95238 1.9
13 5.07692 2
13 5.07692 2
9 4 2.125
10 3.8 1.22222
7 4.85714 2.16667
23 5.21739 2.90909
13 5.07692 2.33333
8 4.25 1.57143
11 4.54545 2.5
7 4.85714 2.16667
11 4.36364 2.1
7 4.85714 2
11 4.72727 2.3
13 5.53846 2.33333
14 4.85714 2.23077
8 4.75 1.85714
14 4.85714 2.30769
4 3 1.33333
8 4 1.85714
6 4 2
11 4.54545 1.9
6 3.33333 1.4
11 4.54545 1.9
7 6 2.66667
8 3.75 1.28571
11 4.54545 2.2
10 4 2
19 4.73684 3.05556
9 3.77778 2
18 4.66667 2.05882
23 4.78261 2.40909
14 4.71429 1.76923
10 4.2 2.44444
15 4.13333 1.64286
14 5 2.69231
24 5.08333 3.08696
10 4.2 1.44444
21 5.52381 4.35
11 6.36364 3.4
11 4.36364 1.9
18 4.66667 2.23529
19 4.63158 2.61111
5 3.2 1.5
19 5.47368 2.83333
13 4.46154 1.58333
21 5.04762 1.9
27 5.18519 2.46154
23 5.13043 2
17 5.41176 3.25
11 4.54545 1.6
14 4 1.92308
12 4.66667 1.90909
21 5.14286 2.65
4 2.5 1
9 4.66667 1.875
8 4.25 1.71429
12 4.16667 2.27273
12 3.83333 1.18182
16 5.125 2.13333
12 4.66667 3.09091
16 4.75 3.06667
14 5.28571 3.23077
7 3.42857 1.16667
14 4.57143 2.23077
13 4.15385 1.58333
12 4.66667 2.54545
11 4.72727 3.3
16 4.625 2.4
8 3.75 1.28571
13 5.07692 2.5
6 4 1.6
10 4.8 1.88889
15 4.4 2.71429
17 5.05882 2.6875
14 5 3.92308
9 3.77778 1.625
11 4.18182 2
5 3.2 1.5
6 3.33333 1.6
10 5 2.11111
10 3.8 1.33333
3 2 1
10 4.4 1.55556
6 3.33333 1.6
10 4.2 2.11111
9 4.22222 1.75
13 4.76923 1.75
19 4.10526 2.11111
5 2.8 1
10 3.8 1.22222
9 4 1.625
24 4.83333 2
8 4.25 1.71429
7 3.71429 1.33333
11 4.36364 1.6
17 4.94118 2.75
5 3.2 1.5
14 4.85714 2.15385
5 4 1.75
6 3.66667 1.4
12 5.5 2.09091
16 4.625 2.46667
8 4.25 1.57143
24 4.83333 2.69565
5 3.2 1.25
27 5.25926 2.26923
16 4.5 2.26667
7 3.42857 1.5
7 4.28571 2
3 2 1
20 5.1 3
15 4.4 2.42857
13 4.61538 2.16667
18 4.44444 2.35294
13 4.46154 2.25
5 2.8 1
9 4.22222 1.625
12 4 1.45455
3 2 1
7 3.42857 1.16667
14 4.14286 1.92308
5 3.2 1.5
24 5.5 2.69565
6 4 1.6
14 5.14286 2.46154
27 4.81481 2
17 4.70588 2.0625
15 5.06667 2.71429
20 6.9 3.15789
20 5 2.73684
25 4.8 2.83333
11 4.18182 1.6
15 5.46667 2.28571
2 1 1
6 3.33333 1.2
13 5.07692 2
11 4.72727 2.4
11 4.72727 2.4
12 5 2.09091
11 4.72727 2
9 4 1.375
10 4.6 1.66667
7 4 1.5
12 4.66667 2.36364
12 4.33333 1.90909
9 3.77778 1.625
12 4.66667 2
2 1 1
5 2.8 1.25
17 5.17647 2.1875
9 4.22222 2.25
26 4.84615 2.64
11 5.27273 2.5
13 5.23077 4
16 4.375 3.06667
19 5.26316 3.11111
6 3.33333 1.4
17 5.64706 3.0625
20 4.8 3.31579
6 4 1.6
12 4.33333 1.45455
20 5.4 2.73684
20 5.4 2.73684
13 4.46154 1.5
10 4.2 2.66667
10 4.2 2.66667
9 4.22222 1.625
22 4.72727 2.28571
16 4.75 2
16 4.75 2
8 4.25 2.28571
10 5.2 2
21 4.95238 2.35
21 4.95238 2.35
7 3.42857 1.5
7 3.42857 1.5
8 3.5 1.42857
10 5.2 2
15 4.66667 1.85714
6 4 1.6
11 5.09091 2.1
11 5.09091 2.1
7 3.14286 1.33333
20 5 2.10526
11 4.18182 1.9
11 5.09091 2
7 4 1.5
18 7.22222 4
18 7.22222 4
9 4.88889 2
9 4.88889 1.875
22 5.27273 2.95238
11 4.18182 2.2
22 4.90909 4.47619
11 4 1.4
14 4.57143 1.92308
8 3.75 1.42857
21 5.61905 2.75
20 5.1 2.89474
18 5.22222 3.11765
11 3.81818 1.3
25 5.84 2.70833
20 5.4 2.63158
6 3.33333 1.2
13 4.46154 1.75
6 3.66667 1.8
4 3 1.33333
18 4.88889 2.11765
12 5 2.18182
9 3.77778 1.625
13 5.53846 2.41667
12 4.16667 1.81818
22 5.54545 3.09524
7 4 1.66667
8 4 1.57143
6 3.33333 1.4
25 5.68 2.75
7 4.85714 2
15 4.53333 2.57143
13 4.61538 2.08333
13 4.15385 2.58333
17 4.82353 2.125
15 5.06667 3.35714
12 4.5 1.72727
13 4.30769 2.08333
11 4.36364 1.5
18 5.11111 2.70588
4 3 1.33333
6 3.66667 1.4
21 4.7619 2.2
8 3.75 1.57143
10 5.2 3
15 4.93333 2.14286
9 4.44444 1.875
8 4.75 2
12 5 2.09091
2 1 1
11 5.45455 2.2
10 4.2 1.88889
6 4 1.6
5 3.2 2
5 3.2 1.5
6 3.33333 1.4
8 4.25 1.57143
10 4.6 2.77778
6 4 2
12 5.5 2.45455
13 6 2.66667
7 3.71429 1.5
14 4.71429 2
7 3.42857 1.16667
14 4.57143 2.15385
9 4.22222 2
16 4.5 1.93333
14 5.28571 2.15385
13 4.30769 1.58333
10 4.2 1.77778
7 4 2
12 4.5 1.90909
7 4 1.66667
3 2 1
8 4.25 1.71429
14 5.14286 2.23077
13 4.61538 2
12 4.5 1.90909
5 2.8 1
4 3 1.33333
6 3.66667 1.4
7 4 1.83333
15 4.66667 2.57143
4 3 1.33333
14 4.42857 1.84615
9 4.22222 2.375
10 5.4 2.77778
7 4.28571 1.66667
4 2.5 1
8 4 2
13 4.76923 2.75
23 4.43478 2.5
8 4.25 1.85714
10 4.2 1.77778
32 5.0625 3.6129
16 4.75 3.53333
10 4.6 2.11111
20 5 3.42105
19 4.84211 2.61111
5 3.2 1.5
18 5.11111 3
17 5.17647 2.875
8 4 2.28571
12 4.33333 2.54545
5 3.2 1.5
10 4.6 2.77778
18 4.88889 1.94118
9 4.22222 1.625
33 5.63636 2.78125
12 4.5 1.81818
6 3.66667 1.4
5 2.8 1.25
3 2 1
13 4.46154 1.66667
6 3.33333 1.2
10 3.8 1.33333
7 3.71429 1.5
5 2.8 1
21 5.71429 3.05
5 3.2 1.5
11 4.54545 1.9
8 3.75 1.42857
6 3.33333 1.4
7 3.42857 1.16667
11 4.18182 1.8
7 3.71429 1.5
9 4.66667 2
9 3.77778 1.5
7 3.42857 1.33333
13 4.46154 1.58333
9 4.22222 1.625
13 4.76923 1.66667
8 5 2
7 4 1.5
4 2.5 1
20 5.3 2
5 3.2 1.5
16 4.375 1.8
6 3.33333 1.2
4 2.5 1
15 5.06667 2.57143
7 4 1.83333
13 4.15385 1.41667
15 5.2 2.28571
8 3.75 1.28571
16 5.125 2.2
10 4.2 1.66667
7 4.28571 2
14 5.85714 2.38462
5 2.8 1
10 4.6 2
18 5 2.29412
6 3.33333 1.4
8 3.75 1.57143
10 5.6 3.22222
5 3.2 1.5
4 3 1.33333
16 4.875 2
7 3.42857 1.16667
8 4 1.71429
7 3.42857 1.16667
9 3.77778 1.25
7 3.42857 1.5
10 4 1.66667
12 4.33333 1.63636
9 3.55556 1.375
7 3.42857 1.16667
7 4 2.16667
6 3 1
8 4.25 1.85714
7 3.71429 1.66667
14 4.85714 2.53846
6 3.33333 1.4
4 2.5 1
4 2.5 1
5 3.2 1.5
7 3.42857 1.5
12 4.66667 2.18182
4 3 1.33333
4 3 1.33333
12 4.33333 1.63636
16 4.75 2.13333
6 3.66667 1.4
12 6 2.36364
5 3.2 1.5
5 3.2 1.25
20 4.7 2.63158
7 3.42857 1.33333
6 3.33333 1.2
8 3.5 1.57143
24 4.75 2.21739
11 5.27273 2
15 4.4 1.78571
17 5.05882 2.75
13 4.61538 2.16667
22 5.18182 2.52381
8 4.25 1.71429
9 4.22222 1.5
14 4.28571 2.15385
27 5.03704 3
4 3 1.33333
11 4 1.5
11 4.72727 2.2
15 4.8 2.78571
5 2.8 1
6 3.33333 1.6
20 4.9 3.31579
6 3.33333 1.6
6 3.33333 1.4
7 3.71429 1.33333
5 3.2 1.5
13 4.30769 2.08333
15 4.13333 2.28571
15 5.86667 2.92857
7 4 1.83333
9 4.66667 2
12 4.16667 1.72727
10 4.8 1.77778
31 5.16129 2.73333
9 4 2.125
13 4.15385 1.83333
25 5.04 2.08333
18 4.55556 2.41176
10 4.4 2.11111
16 5.375 2.73333
11 5.45455 2.3
10 4.2 2.22222
15 5.6 2.35714
10 5.2 2
5 3.2 1.25
8 4 1.42857
17 4.47059 1.8125
11 4.90909 2.4
14 4.71429 2.61538
10 4 1.55556
13 5.38462 2.33333
19 5.05263 3.83333
16 5.125 2.33333
17 5.64706 2.6875
11 4.54545 1.6
8 4.25 1.57143
10 4.8 1.77778
17 4.70588 1.8125
8 4 2.14286
7 3.71429 1.33333
7 3.42857 1.16667
6 3.33333 1.6
10 4.2 2.11111
15 5.06667 2.21429
11 4.18182 2.4
14 4.57143 3.07692
10 4.8 1.77778
21 4.47619 1.85
32 5 3.90323
10 4.2 2.33333
10 4.6 2.55556
9 4.88889 3
14 4.42857 1.84615
11 5.63636 2.2
11 5.09091 3.8
11 4.72727 2.4
13 4.61538 1.58333
17 4.70588 2.25
11 4 1.5
10 4.4 2.11111
11 4.54545 1.9
11 4.72727 2.1
15 5.06667 2.28571
8 4.25 1.57143
13 5.38462 2.33333
10 4 1.44444
8 3.5 1.14286
18 5.22222 2.35294
5 4 1.75
13 5.07692 2
6 3.66667 1.4
22 5.27273 2.33333
4 3 1.33333
11 5.27273 2.5
17 4.47059 2.1875
13 5.07692 2.5
11 4.36364 2.7
10 3.8 2.11111
8 4 2
8 4.75 2.71429
11 4.36364 1.6
9 4 1.375
5 3.2 1.5
13 5.53846 2.5
17 5.05882 2.3125
10 4.4 1.55556
9 3.77778 1.375
6 3.33333 1.2
10 4.2 2.22222
12 4.16667 2.09091
7 3.71429 1.83333
14 4.57143 1.53846
11 4.54545 2.2
19 4.52632 1.66667
18 4.55556 3.41176
8 3.5 1.42857
10 4.4 3.11111
31 5.29032 4.6
14 5.42857 2.46154
12 4.16667 1.63636
12 5 1.90909
30 5.6 3.10345
12 4.33333 1.90909
6 5 2.2
10 4.4 2.66667
14 4.85714 2.38462
8 3.5 1.28571
7 3.42857 1.16667
7 3.42857 1.66667
9 4 1.625
7 3.71429 1.83333
6 3.33333 1.4
9 4.22222 1.75
13 4.76923 1.66667
18 4.55556 3.05882
14 4.28571 1.46154
18 5 2.76471
4 3 2
15 4.4 2
4 2.5 1.33333
9 4.88889 2.125
10 4.8 2.55556
11 5.09091 2.4
14 4 1.76923
5 3.2 1.25
7 3.71429 1.5
19 4.63158 1.77778
3 2 1
9 4.22222 2
11 4.72727 3
8 4 1.85714
10 4.4 1.66667
5 3.2 1.25
12 4.5 2.72727
13 4.61538 2.16667
21 4.95238 3.15
7 4.85714 2.5
15 4.53333 1.92857
11 4.18182 1.8
21 5.04762 2.7
6 3.33333 1.4
8 4 1.42857
14 5.71429 2.92308
20 4.9 3.52632
8 4 1.71429
9 4.66667 2
6 3.66667 1.4
8 4 1.85714
14 4.42857 2.23077
13 4.76923 2.5
6 4 2
6 3.33333 1.4
7 3.71429 1.83333
11 4.90909 3.1
12 4.16667 1.72727
10 4.8 1.77778
11 4.72727 2.8
16 4.875 3.6
18 5.44444 2.70588
16 4.5 2.2
7 3.71429 1.5
9 4.88889 1.875
8 4.25 1.57143
10 4.8 2.55556
31 5.67742 2.86667
10 4.8 1.88889
8 4.25 1.57143
4 3 1.33333
8 3.75 1.42857
17 5.29412 2.4375
12 4.33333 2
12 5 2
11 5.45455 2.6
11 4 1.7
4 2.5 1
10 3.8 1.66667
5 2.8 1
6 3 1.2
18 6 2.64706
23 5.30435 3.31818
9 4.22222 1.75
15 4.4 1.78571
6 4 1.6
9 4.66667 1.75
15 5.06667 2.07143
19 4.42105 2.83333
13 4.30769 1.83333
16 4.5 2.13333
10 4 2
21 4.66667 2.9
6 4 1.6
2 1 1
11 4.36364 1.5
9 4.66667 2.625
13 5.07692 2.08333
9 3.77778 1.25
17 5.05882 2.5625
17 4.94118 3.25
12 4.66667 1.90909
16 3.875 1.66667
10 4.2 1.77778
17 4.70588 2.4375
16 4.5 1.73333
7 4 1.66667
8 4.75 2
11 4.54545 2.9
8 4 1.71429
10 5.2 2.33333
9 4 1.75
2 1 1
6 4 1.6
17 5.52941 2.3125
15 4.53333 2.28571
10 4.4 2
31 4.96774 3.7
16 4.25 1.73333
13 4.61538 2.08333
14 4.28571 2.38462
20 4.7 2.05263
8 4.25 1.57143
10 4.2 2.22222
9 4.88889 2
15 5.06667 3.5
8 4 1.42857
15 4.13333 1.42857
13 4.46154 2.41667
16 4.75 2.26667
15 4.26667 2.14286
12 3.83333 1.81818
11 4.36364 1.8
7 4 1.66667
21 4.66667 2.3
21 4.95238 2.55
21 4.95238 3.85
7 3.71429 1.5
7 3.42857 1.33333
18 5.66667 3.05882
18 5.44444 3.29412
14 4.85714 1.92308
8 3.5 1.42857
18 5.55556 4.05882
12 4.33333 1.54545
15 4.66667 2.85714
7 3.71429 1.33333
15 4.93333 2
9 4.66667 2.25
14 4.14286 1.76923
21 4.66667 3
10 4.8 2
9 4.22222 2.125
8 3.75 2.14286
11 3.81818 1.6
11 4.18182 2.8
18 4.33333 1.94118
9 4 2.375
15 4.4 2.14286
7 3.42857 1.5
5 3.2 1.5
15 5.33333 2.14286
18 4.77778 3.41176
16 4 1.33333
10 3.8 1.22222
4 2.5 1
13 4.61538 3.33333
12 4.66667 3.09091
10 4 1.33333
13 4.92308 2.08333
22 5.36364 2.66667
18 5.11111 2.17647
18 4.77778 2.35294
20 4.8 2.42105
13 4.15385 1.58333
2 1 1
16 4.875 2.6
10 4 1.33333
8 4 1.42857
18 5.22222 3.70588
9 4.22222 2
6 3.33333 1.4
7 4 1.5
8 4.75 2.42857
15 4.66667 2.28571
14 4.28571 1.84615
9 4.44444 1.625
3 2 1.5
5 2.8 1
5 3.2 1.25
4 3 1.33333
13 4 1.58333
5 3.2 1.5
11 4.72727 2.2
6 3.33333 1.2
4 3 1.33333
6 3.33333 1.4
5 3.2 1.25
13 4.15385 1.41667
12 4.5 1.72727
6 3.33333 1.2
30 4.93333 2.51724
7 3.71429 1.83333
13 4.30769 1.75
18 4.33333 1.64706
3 2 1
9 4.44444 1.625
2 1 1
12 4 2.09091
18 4.44444 2.23529
6 3.33333 1.2
13 4.92308 2
13 5.38462 2.08333
14 4.71429 2.76923
10 4.2 1.77778
12 4.33333 2.54545
11 4.36364 1.7
13 4.76923 2
26 5.15385 3.08
2 1 1
6 3.33333 1.2
11 4.72727 2.1
12 4.83333 1.81818
7 3.71429 1.5
5 2.8 1.75
8 3.5 1.57143
9 4.88889 2
12 5 1.81818
16 5.75 2.8
17 5.76471 3.0625
5 4 1.75
21 5.52381 3
11 4.18182 1.6
13 5.07692 2.16667
8 4.25 1.57143
11 4.18182 2.1
19 4.63158 2.61111
11 4 2.3
3 2 1.5
2 1 1
12 4.16667 1.72727
8 3.75 1.57143
9 3.77778 1.375
7 4.28571 1.66667
10 4.2 1.66667
18 4.66667 2.94118
7 4.28571 1.66667
3 2 1
18 4.33333 1.58824
7 4 1.66667
8 3.75 1.28571
15 5.06667 2
11 4.36364 1.7
14 4.85714 1.92308
8 4.25 2.42857
7 4.28571 2.33333
7 3.71429 2
11 4.72727 2.4
5 4 1.75
2 1 1
17 4.94118 2.1875
12 4.33333 2.36364
7 4.28571 1.66667
25 4.96 2.91667
7 3.71429 1.83333
11 4 1.4
17 4.47059 1.6875
20 5.2 2.05263
5 4 1.75
19 4.94737 2
18 5.33333 2.88235
7 3.71429 1.33333
12 4.5 1.72727
11 4.36364 1.9
12 5 2
22 4.63636 2.28571
9 4.22222 2.375
9 4.22222 1.75
8 4 2.28571
22 5.09091 2.61905
18 4.88889 2.23529
4 2.5 1
2 1 1
2 1 1
7 3.71429 1.33333
3 2 1
20 5.7 2.63158
10 4.8 1.88889
7 3.71429 1.66667
7 3.42857 1.66667
3 2 1.5
21 5.52381 2.95
14 5.28571 2.30769
9 4 1.875
16 5.25 3.46667
13 4.46154 1.83333
16 6 2.53333
8 3.5 1.57143
28 5 3.51852
6 3.33333 1.2
9 4.22222 1.75
5 3.2 1.5
3 2 1
6 3.66667 1.4
2 1 1
8 3.75 1.28571
5 4 1.75
3 2 1.5
3 2 1.5
8 4 2
20 5.4 4.10526
15 4.8 1.64286
18 4.88889 3.58824
16 4.875 3.13333
21 4.66667 2.4
7 4 2.16667
9 4.66667 2.375
6 4 1.6
31 5.03226 2.53333
26 5.30769 2.72
14 4.57143 2.53846
17 5.05882 2.5
14 5.71429 2.30769
16 4.625 2.13333
12 4.83333 1.90909
11 4.18182 2.4
10 4.2 2.11111
10 4.6 2
19 4.63158 2.27778
12 5.16667 4.09091
10 4 1.55556
3 2 1
11 4.36364 1.8
11 5.45455 2.1
10 4.2 2.33333
6 3.33333 1.4
8 4.25 2.57143
23 4.78261 2.22727
10 4.8 2.22222
11 4.18182 1.8
11 4.72727 2
6 4 2
7 4.28571 2.33333
9 4 1.875
13 4.76923 2.25
7 3.14286 1.5
8 3.5 1.71429
7 3.42857 1.5
20 4.9 2.31579
6 4 2
13 4.30769 2.08333
12 4.83333 1.72727
21 4.57143 2.25
18 4.44444 1.94118
10 4 1.66667
8 4.25 1.85714
17 4.47059 1.5625
16 5.375 2.2
13 4.76923 1.83333
17 4.82353 1.75
19 4.73684 2.22222
4 2.5 1
9 3.77778 1.625
8 4.25 1.71429
10 4.2 2.55556
9 4.88889 2.625
9 3.77778 1.375
12 4.33333 2.09091
7 4 1.83333
13 6.76923 2.75
23 4.52174 2.5
15 5.2 2.92857
20 4.7 2.36842
23 4.86957 2.54545
15 5.06667 3
16 5.25 2.13333
11 5.09091 2.1
21 6.57143 2.65
11 4 1.6
21 4.57143 1.65
15 4.53333 1.71429
14 4.71429 1.92308
8 4 1.71429
7 4.85714 2
6 3.33333 1.2
10 4 2.22222
11 4.54545 2.3
12 3.83333 1.54545
7 4 1.66667
13 5.07692 2.5
2 1 1
25 5.12 2.41667
18 4.55556 2.41176
23 5.47826 2.54545
27 4.66667 3.26923
24 5.83333 2.6087
25 5.2 2.83333
8 4.25 1.57143
13 4.76923 1.83333
15 4.4 2.64286
9 4.22222 2.125
14 4.57143 2.69231
9 4.88889 1.875
10 4.2 1.66667
16 4.625 2
23 5.21739 3.5
30 5 3.10345
12 4.16667 2.81818
2 1 1
3 2 1
11 3.81818 1.6
15 4.26667 2.07143
8 5 2
7 4.28571 1.66667
17 4.47059 1.6875
22 5.18182 2.61905
11 4.90909 2.1
19 5.26316 2.83333
11 4 1.5
11 4 1.5
11 4.36364 1.9
13 5.38462 2.58333
25 5.2 3.41667
9 4 1.375
46 4.91304 3.51111
32 5.9375 4.6129
8 4 1.57143
21 5.14286 3.45
6 4 1.6
8 3.75 1.57143
23 4.95652 2.31818
9 4.44444 1.625
10 4.8 2.22222
9 4.44444 1.625
16 5.5 3.26667
11 4.54545 2.2
22 5.09091 3.14286
9 4.22222 2
12 4.66667 2
11 3.81818 2.1
9 4 1.375
23 5.21739 3
4 3 1.33333
11 4.72727 2
16 5.25 2.4
15 5.2 2.64286
7 3.42857 1.33333
15 5.33333 1.92857
15 4.66667 2.71429
8 4 2
13 4.15385 1.66667
8 4 1.71429
10 4.2 1.66667
9 4 1.75
9 4.88889 1.875
4 2.5 1
17 4.70588 2.5
8 4 2
17 5.52941 2.375
24 5.16667 2.34783
19 4.73684 2.16667
9 4.22222 2.25
14 4.71429 1.61538
13 4.76923 2.16667
11 4.36364 2.2
11 4.72727 1.9
13 4.15385 1.66667
22 6.09091 3.04762
13 4.92308 2.08333
12 4.66667 2.45455
11 4 1.4
15 4.13333 1.85714
14 5.85714 2.53846
10 4.8 2
18 4.88889 2.05882
7 4 1.83333
8 3.75 1.42857
12 4.66667 1.90909
13 4.46154 1.66667
8 4.25 1.71429
13 5.07692 2
24 5.25 3
12 5 3.18182
18 4.88889 2.29412
13 4.30769 2.83333
13 4.30769 1.66667
19 5.68421 2.5
9 4.66667 1.75
9 5.55556 2.75
26 5.15385 3.36
10 4.6 2.44444
10 4.2 2
14 4.85714 2.23077
18 5.44444 3.35294
11 4.18182 2.4
20 4.5 2.42105
14 5.28571 2.23077
12 5.16667 2.27273
10 4 1.77778
12 5.5 2.18182
6 4 1.6
9 4.22222 1.5
17 5.05882 2
14 4.57143 2.23077
9 4 1.75
9 3.77778 1.25
13 4.46154 3.25
5 3.2 1.25
4 2.5 1
14 5.28571 2
8 4.25 1.57143
9 4 1.375
17 4.70588 1.8125
8 4.25 1.57143
2 1 1
16 4.25 2.46667
8 4.25 1.57143
21 4.85714 3.95
11 4 1.3
9 4 1.625
10 4 1.55556
15 4.4 1.64286
18 4.77778 2.17647
6 3.33333 1.4
16 4.625 2.46667
37 5.24324 3.44444
7 4 2
10 4.8 2.44444
28 5.07143 3.18519
12 4.66667 3.36364
12 4.66667 2.36364
21 5.14286 2.8
3 2 1
11 4 2.1
11 4.36364 1.6
10 4.2 1.66667
14 4.71429 2.30769
12 3.83333 1.63636
16 5.5 3.33333
15 4.53333 1.71429
20 4.5 1.42105
9 3.77778 1.375
6 3.33333 1.4
10 4.8 1.77778
9 4.66667 2.25
11 4.54545 1.6
8 3.75 2
17 4.70588 2.75
15 4.26667 2
20 4.4 2.05263
15 4.93333 2.71429
11 4.36364 2.1
16 4.5 1.8
19 4.73684 2.5
14 4.42857 2.61538
14 5.85714 2.69231
18 4.44444 2.29412
8 4.75 2.42857
17 4.47059 1.5625
10 4.2 1.66667
6 3.66667 1.4
3 2 1
22 4.45455 2.28571
16 4.875 2.2
12 4.5 1.90909
15 4.4 2.28571
4 3 1.33333
6 3.33333 1.6
23 5.21739 3.68182
10 4 2.22222
6 4 2
9 4.88889 2.375
3 2 1
8 4.75 2
15 4.66667 2.14286
7 4 1.83333
16 5.625 3.46667
14 4.57143 2.38462
8 4.25 1.57143
20 5.2 2.47368
22 4.72727 2
16 4.625 2.4
25 4.8 2.125
2 1 1
21 5.52381 2.4
13 4.92308 1.91667
8 4.25 1.57143
26 5 3.32
7 4.85714 2
25 4.48 3.125
21 4.66667 2.1
11 4.18182 1.7
18 4.88889 2.11765
13 5.07692 3.25
9 4 1.375
35 5.02857 3.26471
14 4.28571 2.38462
9 4 1.625
13 5.38462 2.08333
12 4.5 1.90909
18 4.44444 2.11765
4 2.5 1
9 4 2.5
5 2.8 1
23 4.69565 2.5
10 4 1.66667
18 4.88889 2.94118
17 4.94118 2.25
16 5.375 2.8
14 4.28571 1.38462
17 5.05882 2.375
27 5.40741 2.5
4 3 1.33333
15 4.66667 2.35714
8 4.25 2.14286
5 3.2 1.25
13 6 3.25
6 4 1.6
3 2 1
9 4 1.375
8 4.25 1.57143
6 3.66667 1.8
7 4.85714 2.5
11 4.90909 1.8
11 4.72727 1.7
3 2 1
7 4 1.5
4 3 1.33333
5 4 1.75
21 5.04762 2.35
6 4 1.6
4 2.5 1.33333
11 4.18182 1.8
9 3.77778 1.375
7 4 1.83333
8 3.75 1.57143
2 1 1
24 4.83333 2.65217
8 4.25 2.28571
9 4.88889 2.375
6 3 1
11 4.18182 1.5
3 2 1
3 2 1.5
5 3.2 1.25
7 3.42857 1.33333
9 4.22222 1.75
3 2 1
6 3.33333 1.2
21 4.95238 2.2
14 4.57143 2.69231
5 3.2 1.25
11 4.18182 1.4
15 4.4 1.57143
11 4.18182 1.4
7 4 1.83333
19 5.26316 2.61111
7 4 2
7 4 1.66667
7 4.28571 1.66667
9 4 1.75
7 4 1.66667
9 4.22222 1.625
12 5.83333 2.27273
2 1 1
10 4.8 2.22222
10 4.8 2.44444
25 6.24 4.33333
13 4.15385 1.75
14 4.85714 2.46154
20 6 3.15789
7 3.42857 1.66667
18 4.88889 2.41176
7 4 2
7 4.28571 1.66667
13 4.46154 2.33333
4 3 1.33333
11 4.90909 1.8
12 5.5 2.09091
8 4.25 1.57143
16 4.125 1.8
10 4.8 2.77778
19 4.84211 1.94444
17 5.41176 2.625
18 7 4.35294
2 1 1
5 2.8 1
8 5.75 2.57143
11 4.54545 1.8
30 4.8 2.13793
29 5.10345 3.78571
13 4.76923 2.16667
16 5.5 2.33333
10 4.2 1.77778
5 3.2 1.25
21 4.66667 1.95
27 4.96296 2.15385
15 4.4 1.85714
3 2 1
19 4.63158 2.27778
12 5.5 2.09091
5 2.8 1
12 4.33333 1.90909
3 2 1.5
6 4 1.8
19 4.84211 2.66667
11 5.09091 2.1
12 4.16667 1.63636
12 4.33333 1.54545
14 4.71429 2.92308
6 4 1.6
14 4.71429 1.69231
16 5.375 2.53333
12 5 2.27273
8 4.25 1.71429
9 4.22222 2.625
9 3.77778 1.5
12 4.66667 2.09091
9 4.22222 2
33 5.57576 5.0625
12 4.66667 1.72727
5 3.2 1.25
18 4.88889 2.17647
16 5.5 2.66667
9 3.77778 1.5
9 3.77778 1.25
11 4.36364 2.1
2 1 1
4 2.5 1.33333
7 3.42857 1.33333
21 5.52381 2.65
15 4.4 2
22 4.63636 1.90476
29 5.10345 4.03571
13 4.76923 2.58333
7 3.71429 1.66667
10 4.4 2
22 8.09091 4.47619
24 5.25 3.73913
25 5.2 3.08333
16 4.75 2.6
17 4.23529 2.8125
14 6 3.23077
18 4.88889 3
19 4.52632 2.16667
13 4.92308 2.25
8 4.25 2.14286
20 4.6 1.84211
13 4.46154 1.91667
4 2.5 1
6 3 1
17 4.35294 2
4 2.5 1
2 1 1
19 4.84211 2.88889
23 4.86957 2.40909
33 5.09091 2.40625
11 3.81818 2.1
5 3.2 1.5
20 5.9 4.94737
12 5.33333 2.45455
5 3.2 1.5
10 4.8 1.77778
14 4.71429 1.84615
16 5 2.8
13 4.61538 2.08333
20 4.9 3.15789
15 5.46667 3.07143
10 3.6 1.33333
10 4.2 2.44444
16 4.625 2.06667
8 3.75 1.57143
13 4.15385 2
19 5.15789 3.11111
8 4.25 2.28571
11 4.36364 2.9
27 5.62963 3.53846
14 4.57143 2.30769
10 4 1.44444
11 4.18182 2.1
37 5.13514 3.88889
20 4.8 2.05263
14 4.71429 2.76923
34 5.76471 2.93939
21 5.2381 2.4
32 5.625 3.12903
24 4.91667 1.95652
9 4 1.875
5 4 1.75
17 5.05882 2.1875
7 4 1.66667
20 5.2 2.78947
8 7 3.14286
11 4.54545 2.6
12 4.66667 2.27273
12 4.83333 1.90909
16 4.75 1.86667
9 5.77778 2.625
10 4.8 2.44444
13 4.92308 2.41667
7 3.71429 1.66667
7 3.71429 1.5
12 4.66667 2.45455
9 3.77778 1.875
5 2.8 1
22 5.36364 3.28571
18 4.55556 1.82353
35 6.05714 8.44118
21 5.61905 3.05
23 4.86957 3.45455
14 4.42857 1.76923
10 4.4 2
11 4.18182 1.7
3 2 1
4 3 1.33333
4 3 1.33333
3 2 1
13 4 1.75
6 3.33333 1.6
21 5.61905 2.6
20 5.1 2.36842
8 3.5 1.57143
32 5 3.35484
13 4.15385 2.08333
17 5.17647 2.8125
6 3 1
29 4.55172 2.53571
11 4.36364 1.9
16 5.125 2.66667
6 4 1.6
10 4 1.77778
9 4.88889 2.625
11 4.72727 1.8
13 4.30769 1.75
20 5.1 2.78947
3 2 1.5
13 4.46154 2.33333
27 5.85185 3.23077
9 4.22222 1.75
18 5.11111 2.52941
9 4.88889 2.625
6 3.33333 1.2
27 6.44444 4.03846
27 4.66667 3.15385
6 3.33333 1.2
10 3.8 1.22222
10 4.2 1.77778
18 4.66667 2.94118
17 5.05882 2.6875
16 5.625 2.6
16 5 1.93333
24 4.75 2.86957
12 4.66667 1.81818
6 3.33333 1.2
13 4.30769 2.5
10 4.2 1.55556
15 4.66667 1.85714
16 5.125 3.33333
9 4 1.625
8 4.25 1.57143
9 4.44444 2.75
18 5 2.35294
2 1 1
12 4.83333 2.09091
21 4.85714 2.35
20 4.7 2.31579
14 4.85714 2.30769
34 5.64706 2.72727
16 4.25 1.8
17 4.58824 1.6875
7 4 1.83333
16 4.625 1.6
27 5.33333 2.30769
25 4.64 2.95833
4 3 1.33333
25 6 3.375
16 5.25 2.53333
13 4.61538 2.16667
6 4 1.8
5 3.2 1.25
6 3.66667 1.4
3 2 1
3 2 1
17 5.52941 3.125
8 4.75 1.85714
11 4.36364 2.2
19 5.26316 3.22222
2 1 1
18 5.33333 2.11765
14 4.57143 2.07692
5 3.2 1.25
11 4 1.8
12 4.33333 1.81818
3 2 1
6 3.66667 1.4
15 4.53333 2.28571
14 4.28571 1.92308
5 3.2 1.25
16 4.875 2.2
3 2 1.5
12 4.16667 2.27273
26 5.30769 3.32
5 2.8 1
20 4.9 3.78947
23 4.69565 2.63636
17 4.23529 1.6875
12 5.5 3.27273
10 5.4 2.66667
6 3.33333 1.2
10 4.2 2
9 4.66667 2.25
10 4.2 1.88889
3 2 1
7 3.42857 1.16667
11 4.18182 2.6
8 3.75 1.42857
2 1 1
3 2 1
16 4.5 2.33333
9 3.77778 1.5
20 5.2 2.78947
19 5.36842 2.61111
6 3.33333 1.6
16 4.75 3.13333
7 3.71429 1.5
3 2 1
26 5.23077 2.28
11 4.54545 2
33 6 4.375
2 1 1
6 3 1
6 3.33333 1.2
4 3 2
6 5 2.2
11 4.36364 2.1
14 4.57143 2.46154
3 2 1
21 6 2.7
3 2 1
9 4.88889 3
32 5.8125 3.48387
2 1 1
7 3.42857 1.16667
14 4.71429 1.92308
4 2.5 1
10 5.6 2.22222
7 4.85714 2
13 4.61538 2
8 3.75 1.42857
2 1 1
5 2.8 1
8 4.75 2.42857
11 4 1.6
4 3 1.33333
16 5.125 2.4
11 6.36364 3.3
15 5.06667 2.14286
16 4.625 1.8
7 3.71429 1.5
12 4.33333 2.63636
9 4.44444 1.625
2 1 1
2 1 1
3 2 1
7 3.71429 1.33333
10 4.8 1.88889
6 3.33333 1.2
11 4.36364 2.1
8 4.75 2
11 5.09091 2.3
4 2.5 1.33333
10 4.8 1.88889
11 4.36364 2.1
12 4.33333 1.63636
9 5.33333 2.5
23 4.86957 2.68182
4 2.5 1
4 2.5 1
3 2 1.5
7 3.42857 1.33333
4 3 1.33333
7 3.71429 1.5
8 3.75 1.71429
4 3 1.33333
5 3.2 1.5
9 3.55556 1.25
8 4.25 2
3 2 1
8 4.25 1.85714
10 5 2.11111
20 4.9 2.31579
14 4.71429 2.46154
4 2.5 1.33333
3 2 1.5
8 3.75 1.57143
6 4 1.8
4 2.5 1.33333
5 2.8 1
6 3.33333 1.6
7 4 1.83333
14 4.85714 2.46154
6 3 1
14 4.85714 2.92308
12 4.16667 1.54545
3 2 1
11 5.09091 2.2
9 4.66667 2
7 4 1.83333
2 1 1
11 5.09091 2
4 2.5 1
9 5.33333 2.125
10 4.6 1.77778
5 3.2 1.5
14 5 1.76923
8 4.25 1.71429
4 3 1.33333
10 4.8 2.11111
3 2 1.5
3 2 1
13 4.92308 3
4 2.5 1.33333
14 4.28571 1.76923
7 3.71429 1.5
6 3.66667 1.8
4 2.5 1
15 4.8 2.14286
5 2.8 1
7 4 1.5
6 3.33333 1.2
5 2.8 1
3 2 1
8 4.25 2.57143
5 4 1.75
10 5.2 2.11111
2 1 1
6 4 1.6
5 4 1.75
10 4.6 2.55556
4 2.5 1
5 3.2 1.25
14 4 1.46154
6 3.33333 1.4
6 4 1.8
7 4.28571 2.33333
7 3.71429 1.33333
4 3 1.33333
5 3.2 1.5
5 4 1.75
4 2.5 1.33333
5 4 1.75
4 2.5 1.33333
7 3.42857 1.33333
18 6.44444 3.88235
6 3.66667 1.4
9 4.22222 2.125
5 2.8 1.25
3 2 1.5
2 1 1
4 2.5 1
8 3.75 1.42857
9 4.66667 1.75
16 4.75 2.46667
8 4.25 1.57143
9 4.22222 1.75
7 4.28571 2
6 3.33333 1.2
4 3 1.33333
11 5.09091 2.2
5 3.2 1.25
4 2.5 1
11 4.36364 1.8
9 4.22222 2
15 4.8 2.92857
9 4 1.625
7 3.71429 1.83333
6 3.33333 1.2
12 4.33333 2.09091
9 4.66667 1.75
8 4.25 1.85714
4 2.5 1
11 3.81818 1.8
18 4.55556 1.88235
3 2 1
7 4 1.5
7 4 2.16667
18 5.33333 2.64706
7 4 1.5
8 4.75 1.85714
6 3.33333 1.2
4 3 1.33333
3 2 1.5
2 1 1
30 5.4 3.65517
11 4.36364 2.1
4 3 1.33333
15 4.53333 1.71429
15 6 2.92857
27 5.7037 4.11538
16 4.375 2.26667
22 5.36364 2.47619
2 1 1
4 2.5 1
9 3.77778 1.5
5 3.2 2
9 4.44444 2.125
4 2.5 1
11 4 1.6
2 1 1
6 3 1.2
2 1 1
10 4.6 1.88889
2 1 1
10 3.8 1.66667
30 5.53333 3.44828
2 1 1
5 2.8 1
11 4.54545 1.9
4 3 1.33333
13 5.07692 2.33333
13 5.07692 1.91667
17 4.94118 2
6 3.33333 1.2
7 4 1.5
5 3.2 1.25
14 4.71429 2.61538
8 3.5 1.42857
10 4.2 2.11111
7 3.42857 1.33333
2 1 1
2 1 1
8 3.5 1.42857
16 5.75 2.6
8 3.75 1.57143
11 4.36364 1.7
5 4 1.75
15 4.66667 2.14286
9 3.77778 1.375
8 4 1.71429
11 4.36364 1.6
19 4.42105 1.77778
2 1 1
3 2 1
15 5.06667 2.71429
6 5 2.2
12 4.33333 1.90909
13 4.92308 3.16667
2 1 1
15 5.46667 2.57143
24 5.75 3
13 4.46154 2
6 3.33333 1.6
11 5.09091 2.2
16 5.125 3.46667
21 4.85714 1.8
6 3.33333 1.4
2 1 1
2 1 1
4 2.5 1
25 4.8 2.41667
28 5.92857 3.74074
17 4.58824 1.875
15 4.53333 2.14286
2 1 1
2 1 1
13 4.61538 1.75
8 4 2.14286
4 3 1.33333
28 5.28571 2.7037
13 4.46154 2.08333
16 4.625 2.06667
2 1 1
2 1 1
5 3.2 1.75
8 4.25 1.57143
26 6.15385 3.28
8 4 1.57143
11 4.36364 1.6
4 2.5 1
27 5.11111 2.46154
21 5.14286 3.2
15 4.93333 2.5
7 4.28571 1.66667
9 5.33333 2.125
8 4 1.71429
2 1 1
15 4.26667 2
11 4.18182 2
5 3.2 1.75
15 4.93333 2.71429
8 4.75 2.71429
20 4.4 2
2 1 1
2 1 1
15 8.8 3.92857
3 2 1.5
7 3.42857 1.33333
20 5.8 3.63158
14 5.71429 4.46154
15 4.66667 2.57143
22 5.81818 2.71429
12 4.66667 2.45455
9 3.77778 1.5
13 4.15385 1.5
50 6.96 4.53061
13 4.92308 2.5
14 5.85714 2.76923
11 4.54545 1.8
21 4.95238 2.5
8 3.5 1.42857
5 3.2 2
14 4.85714 2.92308
6 3.33333 1.2
3 2 1
9 4.22222 2
13 4.61538 2.16667
7 4.85714 2
7 3.71429 1.5
14 5.14286 3.07692
4 3 1.33333
20 5.5 2.94737
2 1 1
10 3.8 1.33333
7 3.71429 1.5
2 1 1
4 3 1.33333
6 3.66667 1.4
10 4 1.44444
7 3.71429 1.33333
8 3.75 1.57143
4 2.5 1.33333
7 3.42857 1.16667
7 4 1.5
22 5 2.47619
4 2.5 1.33333
11 4 1.7
8 3.75 1.42857
2 1 1
7 4 1.5
3 2 1
6 3 1.4
4 2.5 1
8 4 1.57143
12 4.33333 2.36364
17 4.94118 2.5
8 3.75 1.57143
6 4 1.6
14 4.14286 1.76923
12 5.16667 2.72727
17 5.76471 2.125
9 4.44444 2.375
14 4.28571 2
14 5.85714 2.76923
10 4.2 1.66667
6 5 2.2
3 2 1
20 4.8 2.52632
29 4.82759 3
18 6.33333 3.11765
22 6.81818 3.85714
10 4.8 2.22222
4 3 1.33333
14 5.42857 3.30769
2 1 1
13 6.76923 3.41667
12 4.5 3.54545
24 6.5 3.04348
3 2 1
5 3.2 1.25
14 4.57143 1.92308
2 1 1
7 4.28571 1.66667
4 3 1.33333
6 3.33333 1.4
9 4.22222 1.5
4 3 1.33333
17 5.17647 2
16 4.5 2.33333
12 5.16667 2.18182
8 3.75 1.28571
7 3.71429 1.66667
8 4.25 1.57143
17 4.70588 2.875
6 4 2
17 5.05882 2.25
15 4.93333 2.42857
14 5.28571 2.53846
13 4.46154 2.08333
12 4 1.81818
20 5 3.26316
30 5.93333 2.82759
14 5.28571 2.76923
6 4 1.6
10 3.8 1.66667
13 4 1.91667
9 4.88889 1.875
8 4 2
8 3.75 1.28571
6 3.66667 1.8
3 2 1
7 4.28571 2
11 4.54545 2
6 3.33333 1.2
6 3.33333 1.2
24 5.08333 2.82609
10 4.6 1.66667
6 4 1.8
6 3.33333 1.2
14 4.57143 1.53846
11 4.72727 1.8
19 6 4.66667
22 7.36364 4.85714
12 4.33333 1.90909
8 3.5 1.14286
10 3.8 1.44444
20 5.1 2.78947
13 4.61538 2.08333
16 4.875 2.4
15 4.66667 2.57143
41 5.80488 3.625
3 2 1
10 4 1.55556
12 5.16667 2.90909
10 4.2 2
11 4.72727 1.8
28 4.92857 2.74074
24 4.66667 2.17391
15 4.53333 1.92857
14 4.85714 1.84615
24 4.66667 3.04348
15 4.26667 1.85714
12 4.33333 1.54545
8 3.5 1.14286
5 2.8 1
15 5.2 2.28571
14 3.85714 1.30769
11 4 1.8
41 4.97561 3.275
19 4.63158 3.05556
31 4.77419 2.96667
11 4.36364 2.4
14 4.42857 2.61538
9 4 2.5
15 5.2 2.57143
8 3.75 1.42857
6 5 2.2
8 3.5 1.42857
4 2.5 1
17 4.47059 2.625
9 4.22222 1.5
5 4 1.75
8 4 1.71429
21 5.90476 2.4
6 3.66667 1.4
7 4.28571 1.66667
19 5.47368 2.33333
19 4.73684 2.61111
9 3.77778 1.375
9 4.66667 2
7 4 1.5
11 4.36364 2
15 4.93333 2.5
4 3 1.33333
7 4 2
9 4.22222 1.75
8 3.75 1.28571
17 4.82353 2.875
32 5.375 4.12903
13 5.07692 1.83333
8 3.5 1.42857
13 4.76923 2.5
7 3.71429 1.83333
17 4.23529 1.6875
14 4.85714 2.46154
8 3.75 1.28571
10 4.4 1.66667
5 3.2 1.5
2 1 1
2 1 1
2 1 1
2 1 1
2 1 1
3 2 1
24 5.33333 2.95652
3 2 1
2 1 1
18 5 2.47059
24 5.16667 3.08696
9 3.77778 1.75
11 4.36364 2
11 4.18182 1.9
12 5 2.72727
4 3 1.33333
10 4.2 1.55556
5 2.8 1
6 4 1.6
3 2 1
6 3.33333 1.2
10 5.4 2.22222
3 2 1
18 7.66667 4.76471
11 4.54545 2.5
3 2 1
2 1 1
8 3.75 1.71429
3 2 1
3 2 1
2 1 1
6 3.33333 1.6
6 3.66667 1.4
22 5 2
8 3.75 1.85714
11 4 1.6
20 5 2.15789
10 5 2.11111
27 5.33333 2.92308
9 4.22222 2.25
4 3 1.33333
4 3 1.33333
7 4 1.83333
16 4.875 2.06667
9 4.66667 2.875
8 4.75 1.85714
6 3.33333 1.6
14 5 2.23077
9 4.22222 2.375
7 4 1.83333
10 4 1.44444
12 5.16667 2
6 3.66667 1.8
4 2.5 1
6 3.33333 1.2
5 2.8 1.25
3 2 1.5
6 3.33333 1.4
5 4 1.75
2 1 1
3 2 1.5
3 2 1
5 3.2 1.25
14 5.14286 2
4 2.5 1.33333
3 2 1.5
7 4.28571 2
7 3.71429 1.33333
6 4 1.6
3 2 1
6 4 1.6
4 2.5 1
5 4 1.75
4 3 1.33333
7 3.71429 1.33333
11 5.81818 2.3
4 3 1.33333
6 4 1.6
3 2 1
8 4.25 1.85714
8 4 1.57143
2 1 1
5 4 1.75
4 3 1.33333
3 2 1
8 3.75 1.28571
3 2 1
5 3.2 1.25
5 3.2 1.25
5 3.2 1.25
9 3.77778 1.375
3 2 1
9 4.66667 1.75
9 3.77778 1.375
5 3.2 1.5
10 4.8 2
3 2 1
6 4 1.6
8 3.75 1.28571
5 3.2 1.25
8 7 3.14286
3 2 1
2 1 1
4 3 1.33333
4 2.5 1
5 4 1.75
4 2.5 1.33333
6 3.33333 1.4
5 3.2 1.5
5 3.2 1.25
7 3.14286 1.33333
5 3.2 1.5
4 3 1.33333
5 3.2 1.25
2 1 1
3 2 1
3 2 1
7 4.85714 2
2 1 1
5 4 1.75
5 3.2 1.25
5 4 1.75
5 4 1.75
6 4 1.8
4 3 1.33333
4 2.5 1.33333
5 4 1.75
10 4.2 1.44444
4 2.5 1
10 4.8 1.77778
4 3 1.33333
10 4.4 2.22222
7 4 1.5
4 3 2
5 3.2 1.5
4 2.5 1
4 3 1.33333
4 2.5 1
4 2.5 1
4 3 1.33333
3 2 1
12 5.5 2.09091
2 1 1
10 5.2 2.11111
5 3.2 1.5
11 5.09091 2.5
9 5.33333 2.125
7 3.71429 1.33333
9 4.66667 2
5 3.2 1.25
4 2.5 1
4 2.5 1.33333
3 2 1
10 5.2 2
6 5 2.2
3 2 1
5 3.2 1.25
2 1 1
2 1 1
7 3.42857 1.33333
6 4 1.6
5 4 1.75
7 3.71429 1.33333
11 4.72727 2
9 4.22222 2.125
8 3.5 1.28571
10 4.2 1.55556
3 2 1
7 4.28571 1.66667
7 4.85714 2.5
8 4.75 1.85714
6 3.33333 1.6
3 2 1
8 3.75 1.71429
2 1 1
7 3.42857 1.66667
4 2.5 1
8 4 1.42857
5 3.2 1.25
2 1 1
5 3.2 1.25
11 5.27273 2
6 4 2
4 2.5 1
4 3 1.33333
6 4 1.6
8 4 1.42857
4 3 2
4 3 1.33333
9 4 1.5
6 3.33333 1.2
5 3.2 1.25
11 5.09091 2.3
10 4.8 1.88889
2 1 1
4 3 1.33333
7 3.71429 1.33333
7 4.85714 2.5
9 4 1.625
7 3.71429 1.33333
8 4 1.42857
4 3 1.33333
3 2 1
5 3.2 1.25
4 2.5 1
5 4 1.75
4 3 1.33333
6 4 1.6
6 3.33333 1.2
9 4.88889 1.875
3 2 1
7 4 1.66667
2 1 1
9 4.22222 1.625
7 3.71429 1.5
7 3.71429 1.33333
4 3 1.33333
13 4.92308 2.25
5 3.2 1.25
7 4.85714 2.5
3 2 1
6 3.33333 1.2
5 3.2 1.5
4 3 1.33333
5 3.2 1.25
10 4 1.55556
11 4.36364 1.7
15 4.53333 2.57143
11 4.36364 1.8
13 5.38462 2.66667
20 5.5 3.63158
24 6 2.86957
14 4.71429 3.07692
26 5.61538 2.68
21 5.52381 3.7
8 4.25 1.85714
15 5.33333 2.57143
11 4 2.5
19 5.05263 2.5
3 2 1
3 2 1
11 4.18182 1.6
3 2 1
15 4.4 1.71429
2 1 1
6 3.33333 1.4
10 4.8 1.77778
7 3.14286 1
7 4.85714 2
9 4 1.75
17 4.47059 2.5
6 3.33333 1.4
7 3.42857 1.16667
3 2 1
6 3.66667 1.4
4 3 1.33333
5 3.2 2.25
6 4 2
6 3 1
9 3.77778 1.875
10 4 1.66667
5 2.8 1
14 4.71429 1.69231
8 3.5 1.42857
6 3.33333 1.6
3 2 1.5
13 4.30769 1.66667
8 4.25 2.42857
15 4.66667 2
11 4.18182 1.6
7 4 1.5
10 4.4 2.22222
7 3.71429 2
10 5.2 3.11111
9 4 2
7 4 1.5
18 5.11111 2.82353
9 3.55556 1.25
6 4 1.8
8 4 1.71429
13 4.15385 1.58333
5 3.2 1.5
11 4.36364 1.9
4 2.5 1
11 3.81818 1.3
11 4.36364 1.5
9 4.22222 1.75
5 3.2 1.25
4 2.5 1.33333
17 4.47059 1.75
7 4 2
9 4.66667 2.75
18 4.55556 2
7 4.28571 1.66667
3 2 1.5
8 4.25 1.57143
4 2.5 1
5 3.2 1.25
2 1 1
6 3.33333 1.6
3 2 1
8 3.75 1.28571
5 3.2 1.25
8 4 1.57143
12 4.83333 1.81818
2 1 1
3 2 1
2 1 1
10 4 1.88889
12 4.5 1.54545
9 4.22222 1.625
5 4 1.75
6 3.33333 1.4
3 2 1
10 4 2.22222
8 4.25 2.14286
9 3.77778 1.25
6 3.33333 1.2
5 2.8 1
13 4.92308 2.16667
11 4.18182 1.4
15 4.8 1.92857
9 4.88889 2
8 3.75 1.28571
10 4.6 2.11111
9 4.66667 2.25
14 5 2.38462
11 4.72727 2.1
11 4.36364 2
15 4.53333 1.78571
14 5 2.30769
6 3.33333 1.4
10 3.8 1.44444
8 4 1.57143
8 3.75 1.42857
16 4.5 1.66667
17 5.64706 3.625
4 3 1.33333
23 5.04348 2.09091
12 4.33333 2.36364
19 5.26316 2.27778
17 4.94118 2.5
31 4.96774 2.53333
11 4.54545 2.5
4 3 1.33333
18 5 2.47059
18 4.88889 3.35294
8 3.75 2
21 5.14286 4.55
13 5.23077 2.25
14 6 2.46154
4 2.5 1
9 4.22222 1.5
2 1 1
13 4 1.66667
22 5 2.71429
6 3.33333 1.2
21 5.04762 2.65
15 4.66667 2.14286
17 4.23529 1.75
9 3.77778 1.375
8 3.75 1.28571
3 2 1
5 4 1.75
6 3.33333 1.6
14 4.71429 2.92308
15 4.93333 2.57143
9 4.66667 1.75
7 3.42857 1.16667
6 3.33333 1.4
4 2.5 1
6 3.33333 1.2
7 3.71429 2.33333
13 4.92308 3
14 4.42857 2.23077
15 5.06667 2.85714
3 2 1
8 4 1.71429
14 5 2.46154
16 4.5 1.6
9 4 1.375
12 4.33333 1.45455
10 3.8 1.55556
11 4 1.6
27 4.81481 4.84615
11 4.36364 1.9
10 5.4 2.66667
15 4.4 2
10 3.6 1.88889
4 2.5 1
3 2 1.5
18 4.33333 2.88235
10 4.6 1.88889
16 4.75 2.86667
9 4.22222 2.25
15 4.8 4
