12 4.66667 1.63636
8 4.25 1.57143
27 4.81481 1.80769
23 4.69565 2.04545
44 5.59091 3.04651
27 5.33333 2.19231
35 4.62857 2.17647
36 5.22222 2.11429
24 4.91667 2.30435
23 5.13043 2.04545
4 2.5 1
8 3.5 1.42857
11 4 1.4
18 4.88889 2.23529
28 5 2.55556
18 5.44444 2.94118
38 4.63158 2.54054
22 4.45455 2.19048
16 5.125 2.93333
13 4.76923 1.83333
29 5.24138 2.92857
40 4.95 2.69231
26 5.30769 2.32
35 5.48571 3.47059
10 4.4 1.55556
5 2.8 1
16 4.875 2
6 3.33333 1.2
40 5.15 4.58974
22 4.72727 2.52381
32 5.25 4.19355
40 5.9 4
16 4.875 2.4
22 4.63636 1.66667
14 5 2.07692
16 4.5 1.66667
9 4.22222 1.5
9 4.22222 1.5
30 4.86667 2.10345
46 4.82609 3.33333
17 4.58824 2.3125
26 5.23077 2.64
30 5.4 2.10345
17 4.11765 1.625
16 4.375 2.06667
17 4.70588 1.875
27 5.25926 2.84615
81 10.3704 8.65
45 4.84444 2.5
27 4.44444 2.88462
19 4.73684 1.72222
10 4.6 2.11111
11 4.36364 1.7
49 5.34694 3.58333
14 4.57143 1.76923
7 4 1.83333
54 5.92593 3
18 4.66667 2.05882
18 4.33333 2.35294
22 4.54545 2.09524
15 4.4 1.85714
19 4.73684 2.05556
29 4.96552 2.10714
17 5.29412 2.9375
26 4.76923 2.12
23 5.04348 1.81818
15 4.53333 2.42857
21 5.33333 2.35
33 4.72727 1.96875
25 4.64 1.83333
8 3.75 1.57143
36 5.55556 3.05714
30 5.13333 2.31034
22 4.54545 2.2381
12 4.5 1.72727
23 4.43478 2.31818
29 5.24138 3.32143
28 5.42857 3.25926
10 4 1.55556
21 4.66667 2.6
15 4.8 1.78571
9 3.77778 1.375
35 5.37143 2.5
26 5.76923 2.48
37 5.67568 3.63889
33 4.9697 2.46875
43 4.93023 2
10 4.2 1.77778
13 4.30769 2
30 4.6 1.51724
20 4.6 1.68421
8 4.25 1.85714
11 4.72727 1.7
5 3.2 1.25
11 4.36364 1.7
13 4.15385 1.75
3 2 1
25 5.28 2.45833
26 4.92308 2.48
29 4.62069 3.07143
42 5.14286 2.17073
16 4.5 1.93333
20 5.5 2.63158
15 4.66667 2.14286
11 5.45455 3
14 4.57143 1.61538
10 3.6 1.77778
18 4.66667 1.82353
20 5 3.15789
26 5.07692 1.92
5 4 1.75
6 3.33333 1.2
19 4.94737 2.22222
47 5.3617 2.95652
30 5.26667 2.86207
5 3.2 1.25
5 3.2 1.25
17 4.82353 1.875
25 5.28 3.125
29 5.03448 1.89286
23 4.95652 3.09091
22 4.45455 1.90476
24 5.16667 1.95652
31 5.09677 2.4
16 4.25 1.53333
13 4.15385 1.58333
14 4.42857 1.53846
25 5.44 2.08333
32 4.625 2.25806
46 5.73913 3.77778
32 5.4375 2.64516
7 3.71429 1.66667
38 4.84211 2.37838
46 5.52174 2.57778
36 5.11111 4.05714
23 4.86957 2.22727
9 3.77778 1.25
63 5.14286 2.66129
11 4.36364 1.5
21 5.14286 2.3
11 4.36364 1.8
8 3.75 1.28571
23 5.04348 2.45455
13 4.46154 1.75
18 4.88889 1.94118
30 4.8 1.89655
24 5.08333 2.65217
3 2 1
32 4.9375 2.51613
57 5.75439 3.07143
35 5.08571 2.47059
10 3.8 1.55556
36 5 3.02857
35 4.91429 1.82353
3 2 1
4 3 2
38 5 1.89189
23 4.86957 2.31818
16 4.625 1.93333
29 5.17241 2.17857
29 5.31034 2.5
9 3.77778 1.375
22 4.81818 2.42857
94 5.65957 3.65591
25 5.36 3.875
54 5.96296 3.62264
14 3.85714 1.61538
11 4.36364 2
4 2.5 1
2 1 1
25 4.56 1.58333
17 4.82353 2.0625
6 3.33333 1.4
30 5.06667 2.17241
4 2.5 1
6 3.33333 1.2
19 4.94737 2.72222
12 4.16667 1.90909
9 4.22222 1.625
46 5.08696 2.31111
18 4.22222 1.64706
14 5 2.38462
36 4.88889 1.91429
44 5.81818 3.60465
20 11.6 5.89474
14 4.71429 1.61538
17 4.82353 2.3125
12 4 1.63636
52 5.84615 2.96078
26 4.46154 2
45 5.24444 3.11364
17 4.23529 1.875
26 5.38462 4.08
13 4.61538 1.91667
24 5.33333 2.08696
10 3.6 1.66667
27 5.85185 3.57692
32 5.0625 3.16129
20 4.5 2.05263
35 5.14286 2.88235
19 4.84211 2
25 4.4 1.95833
29 5.37931 4.28571
15 4 2.21429
8 3.75 1.42857
19 4.84211 1.83333
24 4.83333 1.69565
3 2 1
17 4.82353 2.125
58 5.06897 2.66667
58 5.06897 2.45614
35 4.85714 2.05882
18 4.77778 2.17647
64 5.59375 2.69841
25 4.88 1.95833
34 5.52941 2.57576
22 5 2.90476
17 4.23529 1.625
16 4.625 3.13333
50 6.28 4.57143
2 1 1
26 4.76923 2.72
20 4.8 1.84211
22 5.18182 2.28571
22 4.63636 1.71429
26 4.69231 2.12
14 6 2.46154
21 5.14286 2.25
12 4.16667 1.72727
14 4.57143 2.23077
20 5 1.78947
8 3.5 1.14286
26 5 2.2
38 5.21053 2.21622
19 5.15789 1.83333
22 5 1.85714
24 5 1.82609
16 4.5 1.86667
42 5.04762 1.85366
18 4.44444 2.58824
48 5.125 2.48936
30 5.13333 2.06897
20 4.5 1.84211
26 4.76923 2.08
14 4.14286 1.38462
17 4.47059 1.625
35 6.22857 3.05882
22 5.54545 2.66667
33 5.15152 2.3125
30 4.93333 2.27586
2 1 1
20 5 2.94737
19 4.73684 2.22222
8 3.75 1.85714
32 4.75 1.74194
37 5.02703 2.13889
22 4.63636 1.95238
35 5.37143 2.67647
4 3 2
19 4.52632 1.66667
31 5.48387 2.5
5 3.2 1.25
17 4.82353 2.0625
87 5.1954 3.2907
2 1 1
44 5.22727 2.5814
21 8.57143 6.6
6 3.33333 1.2
30 6.13333 4.51724
9 3.55556 1.875
11 4.36364 1.8
20 4.4 1.78947
34 5.17647 2.87879
91 6.68132 6.58889
32 5.3125 2.64516
27 4.88889 1.92308
28 4.92857 2.25926
27 4.66667 1.92308
37 5.24324 2.66667
16 4.375 2.06667
17 4.47059 1.75
21 5.04762 2.65
67 5.43284 3.90909
32 5.375 2.35484
34 4.94118 2
3 2 1
10 4 1.33333
38 5.78947 4
18 4.22222 1.52941
12 5 1.81818
29 5.03448 2.92857
26 5.30769 2.48
13 4.92308 2.75
19 4.42105 1.88889
2 1 1
12 3.83333 1.27273
20 4.4 1.73684
13 6 2.75
25 4.96 2.5
20 5.4 2.21053
65 5.35385 3.5
16 6.375 3.73333
22 4.72727 2.19048
13 5.07692 1.91667
15 4.4 1.57143
2 1 1
27 4.96296 2.26923
32 5.0625 2.25806
56 5.03571 2.76364
9 4 1.375
16 5 2.06667
2 1 1
24 4.91667 1.91304
29 4.62069 1.82143
15 4.66667 1.92857
53 5.35849 3.13462
22 4.54545 2.52381
14 5 1.84615
40 6.2 4.51282
8 3.75 1.71429
11 5.09091 2
24 4.83333 2.43478
12 4.16667 1.81818
22 4.90909 2.28571
5 3.2 1.25
31 5.74194 3.26667
52 5.30769 3.86275
21 4.66667 1.6
5 3.2 1.25
45 4.88889 2.38636
47 5.23404 2.43478
3 2 1
17 4.82353 2.75
32 4.875 2.64516
15 4.13333 1.64286
70 5.42857 4.08696
17 4.47059 1.875
4 3 1.33333
14 4.42857 1.76923
12 4.16667 1.72727
26 5.07692 2.4
10 4 1.77778
34 5.11765 2.45455
38 5.15789 2.7027
26 5.07692 2.4
29 5.17241 2.67857
24 5.08333 3.95652
71 6.22535 3.71429
21 4.57143 2.25
19 4.42105 1.61111
18 5.11111 2.17647
33 5.15152 2.40625
42 4.90476 2.29268
15 4.66667 1.78571
3 2 1
21 4.66667 2.6
16 4.875 2.2
26 4.92308 2.44
20 5.1 2.05263
17 4.47059 1.9375
24 5.25 3.73913
5 2.8 1
24 4.75 2
50 5.32 2.65306
13 4.30769 1.5
6 4 1.6
20 4.6 2.21053
20 4.9 2.42105
21 5.61905 2.8
59 5.86441 2.94828
11 4.18182 1.6
17 6.11765 3.1875
11 4.72727 1.7
30 5.2 2.34483
20 4.5 2
45 5.51111 4.02273
21 4.7619 2.25
28 4.78571 2.07407
22 5.36364 2.7619
41 5.12195 2.15
28 5.5 2.25926
77 5.32468 2.68421
28 4.57143 2.37037
26 5.69231 2.8
26 4.92308 1.96
25 5.52 3.16667
17 4.70588 1.9375
34 5.41176 2.0303
36 5.44444 2.31429
24 5 2.17391
11 3.81818 1.3
16 4.25 2.33333
10 4.2 1.66667
10 4.4 1.55556
28 5.28571 2.25926
17 5.05882 2.75
19 4.94737 2.05556
5 3.2 1.5
2 1 1
14 4.28571 1.69231
17 4.11765 1.25
17 4.35294 1.8125
15 4.26667 1.71429
19 5.15789 1.94444
2 1 1
57 5.68421 2.57143
6 3.33333 1.2
12 4 1.72727
34 5 2.36364
5 3.2 1.25
2 1 1
3 2 1
3 2 1
28 5.42857 2.2963
19 4.84211 2.05556
11 4.72727 1.8
25 4.32 1.91667
7 3.42857 1.16667
28 5 2.18519
32 5.125 1.87097
3 2 1
3 2 1
19 4.73684 1.94444
17 5.64706 2.5
42 5.19048 2.58537
24 4.75 1.78261
34 5.47059 2.84848
3 2 1
39 5.38462 2.68421
31 5.35484 3.13333
17 4.47059 2.0625
3 2 1
2 1 1
16 4.375 1.86667
29 5.10345 2.17857
25 5.04 2.66667
29 5.10345 3.03571
36 4.88889 2.71429
30 5.53333 3.10345
61 5.70492 3.11667
2 1 1
2 1 1
18 4.55556 2.11765
32 5 2.70968
25 4.8 2.04167
25 5.92 2.79167
22 4.81818 2.04762
4 2.5 1
27 4.81481 1.88462
22 4.81818 2.2381
20 5.1 2.10526
10 4 1.77778
14 4.42857 1.84615
18 4.77778 1.76471
20 4.8 2.05263
20 4.7 1.57895
9 4 1.75
36 5.88889 2.68571
16 5 2.46667
45 5.06667 2.15909
26 4.76923 1.88
3 2 1
15 5.06667 2.35714
2 1 1
49 5.18367 3.72917
50 5 3.53061
24 5 2.56522
89 5.73034 3.03409
19 4.63158 1.77778
40 5.05 2.12821
15 4.8 1.78571
31 5.03226 1.96667
13 4.92308 2.16667
51 4.98039 2.7
16 4.125 1.46667
13 4.76923 2.16667
18 5 2.11765
14 4.28571 1.84615
45 4.84444 2.43182
16 4 1.6
29 4.96552 2.25
19 4.42105 2.16667
14 4.42857 1.76923
15 4.8 2
22 4.63636 2.14286
6 3.33333 1.2
14 4.28571 1.76923
45 5.11111 3.34091
13 4.92308 1.83333
31 5.48387 2.23333
31 5.41935 2.26667
10 4.8 2.22222
34 5.35294 3.48485
14 4.85714 2.30769
12 4.16667 1.63636
23 5.21739 2.59091
10 3.8 1.66667
18 4.44444 1.58824
36 5.61111 3.48571
16 4.375 1.8
15 4.93333 2.5
41 5.21951 3.1
19 4.42105 2.66667
17 4.70588 1.8125
4 3 1.33333
58 5.44828 2.85965
34 5.58824 2.15152
59 5.72881 3.58621
55 5.23636 3.51852
17 4 1.8125
19 4.73684 2.05556
24 4.58333 2
22 6.45455 4.33333
35 5.77143 2.94118
20 5.2 2.63158
37 4.7027 1.94444
13 4.61538 2.08333
16 4.5 2
12 4.16667 2.27273
3 2 1
22 4.63636 1.80952
18 5.33333 2.88235
24 4.91667 2.78261
3 2 1
104 5.40385 3.13592
34 4.76471 2.54545
20 5.4 2.52632
82 5.7561 3.60494
38 5.05263 2.45946
42 6 4.02439
27 4.96296 1.88462
12 4.33333 1.63636
9 3.77778 2
28 4.57143 2.44444
42 5.33333 2.58537
15 4.93333 2.42857
14 4.42857 1.53846
18 5 1.88235
25 5.28 2.54167
2 1 1
18 4.55556 1.76471
22 5.09091 3.19048
12 3.83333 1.36364
23 4.34783 2.22727
18 4.77778 1.82353
2 1 1
24 5.16667 2.26087
54 5.22222 3.24528
70 5.65714 3.01449
24 5.16667 3.04348
37 4.75676 2.22222
9 4 1.375
62 5.09677 2.32787
13 4.46154 1.66667
24 5.91667 3.04348
10 4 1.44444
23 5.21739 3.31818
27 4.81481 2.73077
18 5 1.88235
2 1 1
45 5.15556 2.97727
29 5.58621 3.89286
35 4.74286 1.79412
36 5.27778 2.37143
24 5.16667 2.26087
25 4.56 1.70833
8 3.5 1.14286
11 4 1.3
26 4.69231 1.88
22 4.81818 2.2381
11 5.09091 1.9
12 4.33333 1.45455
32 4.75 2.51613
16 5.25 2.4
25 4.64 1.83333
20 4.5 1.94737
8 4.25 1.57143
34 5.35294 2.39394
11 4.36364 1.8
80 5.475 3.01266
17 4.58824 2.375
10 3.8 1.22222
16 4.25 1.66667
25 4.8 1.91667
26 4.69231 2.16
30 5.2 2.58621
40 5.5 2.51282
9 4.66667 2.125
25 5.36 2.41667
6 3.33333 1.2
34 5.35294 3.51515
19 5.05263 2.11111
41 5.12195 2.575
26 5.15385 3.24
33 4.60606 2
13 4.30769 2
7 4.28571 1.66667
11 4.54545 1.8
26 5.30769 2.92
2 1 1
16 4.625 1.93333
4 2.5 1
29 4.96552 2.21429
36 6.38889 4.05714
2 1 1
3 2 1
16 4 1.26667
59 6.27119 3.41379
19 4.52632 1.5
27 5.11111 2.07692
31 5.48387 2.96667
21 4.85714 2
10 3.6 1.33333
12 4.33333 2.09091
20 4.5 2.05263
44 4.77273 1.90698
14 6 2.53846
22 5.45455 4.52381
30 5.4 2.68966
27 5.03704 2.46154
12 4.66667 2.09091
19 4.52632 1.66667
38 6.52632 3.48649
11 4.36364 1.7
17 4.58824 1.5
14 4.57143 2.07692
24 4.41667 2.08696
9 3.77778 1.625
16 4.375 1.6
14 4.71429 2.61538
14 4 1.30769
25 4.8 2.20833
16 4.375 1.4
20 5.2 2.31579
35 5.02857 2.02941
17 4.70588 1.75
47 5.23404 2.6087
13 4.15385 1.91667
34 5.23529 2.30303
33 5.39394 3
47 5.3617 3.04348
13 4.61538 1.75
12 4.66667 1.81818
16 4.5 1.86667
13 4.92308 2.33333
20 4.7 1.89474
18 4.22222 1.70588
4 3 1.33333
21 5.61905 3.55
24 5.41667 2.69565
26 4.69231 2.84
35 5.02857 2.38235
7 3.42857 1.66667
28 5.14286 2.18519
21 5.33333 3.1
20 4.8 1.89474
36 5.11111 2.28571
27 4.74074 2.38462
2 1 1
35 5.02857 1.94118
26 5.07692 1.88
21 5.04762 2
27 4.74074 1.92308
20 4.8 2.26316
17 4.82353 3.125
17 4.58824 2.375
30 5.13333 2.62069
16 4.25 2.26667
42 5.52381 3.97561
12 4 1.72727
3 2 1
14 4.28571 1.46154
19 4.42105 2
40 5.05 3.74359
38 4.94737 2.75676
5 3.2 1.5
28 5.21429 2.81481
38 5.47368 3.56757
12 3.83333 1.90909
27 4.88889 2.46154
9 4.22222 1.625
14 4.28571 2.30769
11 4 1.7
10 4.2 1.55556
48 5.04167 2.55319
18 5 1.88235
3 2 1.5
19 5.36842 3.94444
4 3 1.33333
16 4.25 1.6
8 4 1.85714
29 4.82759 2.14286
52 5.53846 3.7451
11 4 1.4
23 4.78261 1.59091
17 4.47059 1.5625
22 4.54545 1.71429
10 4 1.88889
11 4.18182 1.5
14 4.57143 1.61538
41 4.87805 2.125
13 4 1.5
41 4.78049 2.125
16 5.125 2.4
23 5.56522 3.09091
7 3.42857 1.16667
32 4.9375 2.51613
15 4.66667 1.85714
17 5.05882 2.4375
15 5.06667 2.28571
19 4.52632 1.94444
2 1 1
13 4.76923 2.16667
29 5.37931 3.14286
28 4.64286 2
32 5.3125 2.93548
13 4.76923 2.33333
30 6.86667 3.82759
16 4.125 1.8
11 5.27273 2.4
29 5.17241 2.21429
36 6.11111 3.54286
32 4.9375 2.32258
35 5.25714 2.05882
12 4.33333 1.63636
36 5.5 3.2
30 4.93333 2.27586
18 5.55556 2.35294
11 3.81818 1.6
10 4.8 1.88889
14 5 2
3 2 1
13 5.38462 2.33333
4 2.5 1
7 3.42857 1.16667
50 5.48 3.04082
44 5.27273 2.62791
18 4.44444 1.76471
34 5.35294 2.57576
2 1 1
37 5.35135 2.11111
2 1 1
28 4.78571 2.25926
26 4.53846 2.2
18 4.44444 1.94118
51 5.29412 4.02
27 5.11111 2.61538
33 4.90909 2.625
21 4.85714 2.1
38 6.52632 3.59459
18 5.22222 2.41176
23 4.69565 2.54545
23 4.86957 2.09091
16 4.25 1.8
15 4.26667 1.71429
24 5.25 2.26087
17 4.82353 1.625
26 4.61538 2.08
19 4.94737 2.33333
26 4.46154 1.76
16 5.375 3.06667
21 5.14286 2.45
50 5.24 2.42857
52 4.88462 2.72549
31 4.96774 2.56667
14 4.28571 1.76923
4 2.5 1
8 4 1.42857
25 4.72 1.95833
25 5.12 2.375
14 4.42857 1.92308
23 5.73913 3.22727
63 5.93651 4.35484
11 4 1.7
2 1 1
15 4.93333 1.92857
50 5.36 4.34694
21 4.38095 1.9
7 3.42857 1.66667
16 4.125 1.86667
6 5 2.2
35 5.25714 4.58824
7 4.85714 2
11 4 1.6
25 5.36 2.08333
20 5.4 2.05263
8 4.25 1.57143
26 5.38462 3.28
42 5 1.92683
16 4.625 1.86667
25 4.48 1.91667
26 4.61538 1.96
29 5.24138 1.85714
24 5.66667 3.73913
22 4.72727 1.71429
28 4.92857 2.11111
20 5.2 1.94737
25 4.8 1.91667
7 4 1.5
3 2 1
48 5.08333 2.34043
33 4.90909 2.28125
36 5 2.88571
53 5.77358 3.15385
39 6.41026 3.68421
24 5.08333 2.26087
22 5.18182 2.66667
16 4.75 2.53333
65 5.47692 2.82812
17 4.70588 2.1875
37 5.24324 2.75
7 4 1.66667
3 2 1
22 4.63636 2.19048
14 4.42857 1.61538
6 4 1.8
29 4.96552 2.32143
13 4.15385 1.5
26 4.46154 1.96
5 2.8 1
21 4.66667 1.8
11 4 1.5
9 4.88889 1.875
22 5.36364 2.52381
31 5.09677 3.23333
30 4.86667 2.41379
24 4.83333 2.21739
26 4.92308 1.84
8 4 1.42857
15 4.13333 1.64286
2 1 1
13 4.30769 2.16667
23 4.52174 1.68182
42 5.14286 2.26829
20 4.9 2.15789
36 4.83333 2.08571
38 5.68421 3.89189
38 5.15789 2.62162
15 4.4 1.71429
11 4 1.9
16 5.25 2
37 5.24324 3.88889
24 5.41667 3
2 1 1
26 5.15385 2.84
20 4.5 1.78947
38 5.36842 2.51351
45 5.28889 2.40909
43 5.16279 2.30952
29 5.31034 3.14286
56 5.14286 2.4
50 5.08 2.91837
39 5.17949 3.28947
21 4.85714 1.95
21 4.7619 2
21 4.66667 2
8 4.75 1.85714
47 4.85106 2.71739
14 4.42857 2.46154
32 5.625 2.90323
10 4.4 1.77778
44 5 2.55814
10 4.2 1.55556
2 1 1
12 4.83333 2.09091
25 4.56 2.375
18 4.33333 1.76471
14 4.71429 1.61538
23 4.43478 3.31818
22 4.90909 1.90476
34 5.52941 2.78788
34 5.23529 2.60606
7 4 1.5
19 4.94737 2.44444
24 4.83333 2.26087
15 4.13333 2.14286
21 5.33333 2.8
38 5.05263 2.40541
23 5.21739 2.40909
15 5.6 3.28571
51 6.27451 4.6
27 5.18519 2.23077
21 5.2381 2.5
17 5.05882 2.5625
50 5.76 4.18367
22 5.63636 3.09524
15 5.46667 2.71429
17 4.11765 1.8125
41 5.36585 2.6
18 5.11111 2.88235
50 5.2 3.14286
26 4.61538 1.72
25 7.04 3.95833
33 6.06061 3.0625
35 5.14286 2.58824
35 5.6 2.23529
7 3.42857 1.16667
26 4.84615 2.16
36 5.22222 2.74286
28 4.78571 2.81481
6 3 1.4
13 4.76923 2.25
10 4.2 2
51 5.29412 2.6
13 4.92308 1.75
35 5.25714 3.29412
38 5.26316 2.32432
31 5.22581 3.3
11 4 1.5
16 4.25 2.13333
50 4.92 2.18367
13 4.92308 1.91667
16 4.25 1.73333
27 4.66667 1.80769
46 5.69565 4.93333
30 5.2 2.2069
35 5.08571 2.29412
16 4.25 1.6
22 4.63636 1.90476
28 4.64286 2.40741
40 5.65 3.10256
15 4.53333 1.78571
14 4.71429 2.38462
13 4.30769 2.58333
15 4.66667 2.07143
17 4.58824 1.75
32 4.6875 2.16129
8 4 1.42857
2 1 1
4 3 1.33333
39 4.97436 2.68421
15 4.53333 2.14286
23 4.52174 1.95455
20 5 2.10526
3 2 1
46 5.08696 2.88889
73 9.15068 12.1111
23 4.78261 1.63636
16 4.625 2
26 5.15385 2.6
43 5.06977 2.21429
24 4.75 2.21739
33 4.72727 2.78125
4 3 1.33333
19 4.84211 3.5
2 1 1
28 4.64286 1.59259
42 5.42857 3
29 5.24138 2
35 4.85714 2.11765
34 5.52941 2.57576
30 5.2 2.89655
6 3 1.4
40 4.8 2.25641
23 4.86957 2.77273
34 5.52941 2.39394
58 5.03448 2
3 2 1
7 4 1.5
16 4.5 2
17 4.70588 1.875
39 5.33333 2.47368
29 5.10345 2.10714
28 5.21429 2.59259
11 4 1.7
26 4.84615 2.44
22 4.72727 1.85714
45 5.11111 2.29545
15 4.13333 2.14286
39 4.87179 2.28947
21 4.7619 2.25
36 5.22222 2.31429
8 5.75 2.42857
32 5.125 2.96774
14 4.42857 1.92308
34 5.29412 2.36364
25 4.56 2.66667
19 4.84211 1.83333
25 4.88 2
9 4.44444 1.625
2 1 1
16 5.375 2.73333
32 5.0625 1.96774
11 4.36364 1.6
13 4 1.66667
29 4.75862 2.5
38 5.42105 3.75676
14 4.71429 2
48 5.25 2.42553
32 5.375 2.74194
3 2 1
35 4.57143 2.52941
30 5.06667 2.7931
15 4.4 1.5
17 4.70588 2.0625
23 4.52174 1.63636
33 5.27273 2.90625
28 5 2.7037
28 5.35714 2.77778
41 5.5122 3.575
15 4.53333 1.78571
11 4.36364 1.8
30 6.33333 4.37931
29 4.82759 1.96429
15 4.93333 1.78571
17 4.35294 1.625
21 4.95238 1.9
28 4.85714 3.44444
36 5.22222 2.68571
21 4.7619 2.4
42 5.38095 3.26829
17 5.17647 2.5625
42 5.19048 2.78049
7 3.71429 1.5
18 4.77778 2.70588
39 4.97436 3.23684
26 5.38462 4.28
8 4 2
3 2 1
17 4.47059 2.0625
10 4.4 1.55556
19 5.05263 3.11111
6 3.33333 1.4
24 6.25 3.43478
35 6.4 2.91176
38 4.84211 1.97297
18 4.44444 2.11765
41 4.87805 2
7 3.42857 1.16667
13 4.46154 1.75
19 5.15789 2.11111
24 4.5 1.73913
27 5.18519 2.80769
46 5.34783 3.51111
41 5.60976 3.3
47 5.3617 3.21739
17 4.35294 1.875
6 3.33333 1.2
23 5.21739 2.63636
23 4.78261 1.72727
35 5.14286 2.20588
9 4.22222 1.75
4 2.5 1
21 5.90476 3.25
17 5.05882 2.5
28 5.42857 2.51852
24 4.83333 2.26087
31 5.35484 2.4
12 4.66667 2.81818
7 3.42857 1.16667
32 5.1875 2.09677
11 4.36364 2.3
7 3.42857 1.16667
12 4.33333 1.54545
22 5.27273 2.57143
23 4.95652 2.22727
25 5.04 2.54167
13 4.30769 1.66667
9 4.44444 1.875
21 4.95238 2.3
33 4.90909 4
24 5.33333 2.78261
17 4.82353 1.6875
3 2 1
36 5 2.02857
43 5.16279 2.78571
2 1 1
31 5.03226 3.3
5 3.2 1.25
3 2 1
18 5.55556 2.82353
26 4.46154 1.64
16 5.375 2.4
24 6.41667 3.73913
29 5.10345 2.78571
23 5.13043 2.18182
31 5.16129 2.53333
31 5.09677 2.16667
21 4.57143 1.65
8 3.5 1.14286
43 5.25581 2.64286
6 3.66667 1.4
4 3 1.33333
25 5.04 2.16667
29 5.24138 2.10714
34 5 3.09091
25 4.88 2.08333
13 4.15385 1.58333
26 5.07692 2
21 4.85714 2.2
23 4.6087 2
26 5 2.88
38 4.68421 2
11 4.72727 2.1
10 4.2 1.66667
24 4.33333 2.04348
29 4.89655 2.39286
2 1 1
18 4.44444 1.76471
16 4.625 1.8
2 1 1
17 4.70588 1.9375
21 4.7619 2.05
9 4 1.625
27 6 2.65385
20 5 2
8 4.25 1.71429
35 5.94286 2.61765
21 4.7619 2.6
20 4.2 1.47368
31 4.77419 2.53333
11 4 1.5
34 5.29412 2.63636
37 4.86486 2.52778
8 4 1.42857
31 5.54839 2.46667
16 4.75 2
10 4.2 1.44444
7 4.28571 1.66667
5 3.2 1.25
2 1 1
58 5.58621 3.10526
38 5.10526 2.64865
40 5.05 2.41026
25 4.64 1.875
29 4.62069 2.85714
32 5.375 3.06452
19 5.47368 2.5
10 4 1.44444
15 4.4 2.35714
22 4.72727 1.95238
4 2.5 1
20 4.9 1.73684
39 5.07692 2.89474
3 2 1
17 4 1.4375
6 3.33333 1.2
30 4.6 1.82759
31 4.83871 2.33333
31 4.96774 2.06667
10 4.2 1.77778
15 4.66667 2
11 4 1.3
19 5.15789 3.33333
17 4.35294 1.75
7 6 2.66667
7 3.42857 2
20 4.6 2.05263
7 3.71429 1.33333
14 4.42857 1.69231
9 4.22222 1.625
4 3 1.33333
29 5.37931 3.25
12 4.66667 2.09091
47 5.74468 4.5
34 5.41176 2.33333
14 4.28571 1.53846
33 5.09091 2.375
8 4 1.71429
21 4.7619 2.45
55 5.12727 2.5
2 1 1
24 5 1.86957
43 5.81395 4.71429
22 5.63636 2.2381
16 4.25 1.33333
31 5.09677 2.46667
19 4.31579 2.16667
7 3.71429 1.33333
11 4 1.6
3 2 1
19 4.84211 2.77778
38 5.57895 3.13514
13 5.38462 2.83333
8 4 1.42857
11 4.36364 2
19 4.94737 1.83333
18 5.11111 2.29412
7 4 1.66667
45 5.82222 4.45455
11 3.81818 1.6
7 3.42857 1.83333
23 4.86957 2.63636
15 4.66667 2.5
31 4.77419 2.36667
18 5.33333 2.35294
14 4.14286 2
39 5.23077 2.21053
36 5 2.17143
30 5.46667 2.44828
10 4 1.66667
14 4.71429 2
65 5.38462 2.57812
12 4 1.45455
41 6.29268 5.75
28 5.35714 2.74074
7 3.14286 1.5
15 4.26667 1.92857
9 4.44444 1.625
39 5.33333 3.47368
6 3.33333 1.4
19 4.73684 1.94444
14 4.85714 2.61538
52 5.30769 2.31373
10 4 1.33333
72 5.66667 2.85915
42 5.28571 2.78049
22 5 2.09524
22 4.54545 1.95238
2 1 1
12 4.33333 1.81818
22 5.36364 2.57143
21 4.38095 1.7
23 5.13043 2.13636
16 4.625 1.66667
42 5.57143 2.97561
36 5 2.2
45 5.42222 2.72727
8 3.75 1.42857
4 2.5 1
26 4.69231 2.08
37 5.24324 2.33333
20 4.6 1.84211
16 4.5 2.4
30 5.4 2.13793
25 4.64 1.70833
47 5.14894 2.91304
8 3.5 1.14286
28 5.35714 3.07407
9 3.77778 1.375
28 5.21429 3.22222
20 5.8 3.05263
9 4.22222 1.5
39 5.02564 2
22 5.09091 3.14286
19 4.42105 1.88889
16 4.875 1.93333
2 1 1
12 4 1.63636
26 4.84615 1.92
17 4.70588 2.5625
7 3.42857 1.66667
35 4.8 2.67647
17 4.23529 1.625
43 5.06977 2.64286
40 5.05 2.28205
24 4.75 2.26087
22 5.81818 2.85714
7 3.71429 1.5
36 5.05556 2.62857
22 5 1.85714
20 4.5 1.73684
53 5.35849 3.13462
5 3.2 1.5
43 5.44186 2.30952
55 5.85455 2.7037
27 4.88889 2
33 5.69697 2.46875
7 4.28571 1.66667
25 5.44 2.75
18 5.44444 2.11765
66 5.45455 2.84615
54 5.22222 3.20755
29 5.03448 2.32143
20 4.9 1.89474
15 4.66667 2.28571
25 5.76 2.20833
25 5.6 2.54167
21 4.85714 2
3 2 1
52 5.53846 4.41176
22 4.90909 2.09524
16 5 2.26667
40 5.6 3.87179
9 3.55556 1.5
6 3.33333 1.6
23 4.86957 2.40909
16 4.375 1.46667
43 4.97674 2.85714
37 5.08108 2.66667
36 5.27778 2.02857
34 5.11765 2.12121
12 4 1.54545
33 5.09091 2.5625
19 5.57895 2.27778
24 4.66667 2.21739
26 5.46154 2.76
11 4.36364 1.5
13 5.23077 1.91667
47 5.10638 2.23913
38 4.84211 2.02703
33 4.84848 2.9375
17 5.05882 3.375
12 4.33333 1.45455
23 4.78261 2
30 5.06667 2.44828
32 5 2.83871
20 4.6 1.94737
6 3.33333 1.2
2 1 1
4 2.5 1
27 4.59259 2.03846
19 4.31579 1.44444
15 4.26667 1.71429
42 5.42857 2.36585
10 4.6 2
50 5.48 2.97959
39 5.58974 3.47368
32 4.5625 2.35484
32 5.5 3.83871
27 4.74074 1.96154
9 3.55556 1.625
16 4.625 1.8
9 4.66667 2.25
31 4.90323 3.26667
32 5 2.35484
4 3 1.33333
47 5.31915 2.3913
21 6.19048 3.85
27 5.48148 2.69231
29 5.31034 2.53571
9 4.22222 1.5
10 4.6 1.77778
16 4.75 2.33333
38 5.52632 3.45946
60 5.36667 2.27119
21 4.66667 2.05
9 4 1.75
20 5.1 2.73684
16 5 2.06667
27 4.66667 1.84615
17 4.35294 1.875
15 5.2 2.14286
10 3.8 1.22222
3 2 1.5
59 5.28814 2.62069
27 5.33333 2.03846
16 4.375 1.8
23 5.30435 2.22727
64 5.59375 2.69841
20 4.2 2.05263
27 5.03704 2.5
27 5.48148 2.65385
33 5.33333 1.96875
29 5.03448 2.28571
31 5.22581 2.56667
7 3.71429 1.5
31 4.77419 1.66667
4 2.5 1
2 1 1
5 3.2 1.25
18 5.33333 2.23529
49 6.85714 3.66667
31 5.03226 2.26667
5 3.2 1.25
18 4.55556 1.88235
10 4.2 1.55556
14 4.57143 1.69231
48 5.41667 3.10638
9 3.77778 1.375
4 3 1.33333
18 4.88889 2.05882
37 5.13514 2.41667
18 4.11111 1.64706
12 4.16667 1.72727
27 5.7037 3.69231
12 4 1.27273
34 5.17647 2.84848
39 5.23077 4.18421
24 5.08333 2.26087
23 4.86957 2.27273
20 4.7 1.89474
40 5.25 2.51282
41 6.73171 4.375
3 2 1
31 4.83871 1.83333
18 4.44444 2.11765
12 4.83333 1.90909
31 4.70968 2.2
20 4.7 1.68421
10 4.2 1.66667
15 4.4 1.71429
56 9.35714 7.63636
10 4.4 1.55556
22 4.45455 1.7619
20 5.7 2.26316
35 4.91429 2.23529
6 3.33333 1.2
41 5.36585 2.5
45 5.2 3.52273
30 5.13333 2.17241
42 5.38095 2.85366
34 5.17647 3.81818
20 6.7 3.89474
38 4.89474 2.16216
30 7.26667 4.48276
23 4.78261 2.36364
22 4.54545 2.19048
18 4.66667 1.76471
16 4.625 2.06667
15 4.53333 1.64286
27 4.81481 2.34615
18 5.22222 2.17647
31 5.16129 2.36667
38 4.94737 2.24324
31 4.90323 2.33333
21 5.14286 2.05
12 4.33333 2.09091
32 5.1875 2.09677
21 4.47619 2
31 5.41935 2.33333
16 5.125 2.26667
36 5 2.6
6 3.66667 1.8
9 4.22222 1.75
3 2 1
30 4.73333 2.03448
46 5.26087 3.06667
9 3.55556 1.375
42 5.47619 3.12195
34 4.94118 2
42 5.61905 2.92683
2 1 1
38 5.10526 2.54054
24 5.08333 2.95652
38 4.94737 2.54054
15 5.06667 2.64286
21 5.04762 2.2
7 3.71429 1.5
12 4.16667 1.54545
31 4.77419 1.93333
26 6.92308 4.24
21 4.66667 2.1
18 5.22222 1.82353
24 5.25 3.26087
30 5 2.41379
26 5.46154 3.72
37 4.91892 2.36111
21 4.95238 2.1
39 4.87179 2.55263
6 3.33333 1.2
44 5.09091 3.88372
36 5.16667 2.54286
23 5.04348 2.18182
39 5.23077 2.55263
39 4.66667 2.02632
18 4.55556 2.17647
44 5.22727 3.06977
26 4.92308 2.08
12 5 1.90909
24 4.91667 2
11 3.81818 1.4
26 4.46154 1.96
42 5 2.2439
15 4.93333 2.57143
34 7.11765 6.21212
34 5 2.45455
25 4.8 2.5
27 5.7037 2.65385
4 2.5 1.66667
27 5.03704 2
17 4.70588 2.0625
5 3.2 1.25
2 1 1
2 1 1
8 4 1.42857
45 5.51111 2.88636
46 5.13043 2.35556
23 5.13043 3.18182
36 4.94444 2.31429
23 4.86957 2
7 3.71429 1.33333
29 4.82759 1.75
26 4.69231 2.68
21 4.7619 2.05
13 4.76923 1.91667
25 5.12 2
20 4.6 1.94737
14 4.42857 1.84615
16 4.625 1.8
17 4.94118 2.125
2 1 1
2 1 1
22 4.72727 1.80952
19 4.31579 1.61111
7 3.71429 1.33333
25 4.96 2.20833
27 5.55556 2.5
19 5.15789 2.72222
26 5.15385 1.96
9 4.22222 1.5
18 5.88889 2.76471
33 4.66667 2.25
18 4.66667 1.82353
7 3.71429 1.33333
31 5.09677 2.5
11 4.36364 1.6
2 1 1
36 5.11111 2.71429
16 4.25 1.73333
19 4.42105 1.61111
27 4.88889 2.76923
25 4.64 2.16667
32 5.25 2.3871
22 5.09091 2.04762
20 4.4 1.89474
23 4.78261 2.09091
10 4.4 2.11111
23 5.30435 2.40909
47 4.97872 2.26087
24 5.16667 2.04348
18 4.77778 2.52941
22 5.36364 2.52381
45 5.11111 2.59091
5 3.2 1.25
2 1 1
32 5.4375 2.96774
11 4 1.5
15 4.93333 2.71429
52 6.15385 3.2549
14 4.42857 2.07692
41 7.46341 4.7
53 5.62264 3.23077
27 6 2.65385
28 5.35714 2.14815
13 4.76923 2.25
46 5.43478 3.2
4 2.5 1
3 2 1
26 4.69231 2.28
13 4.46154 1.66667
35 4.85714 2.97059
15 4 1.5
17 4.35294 1.375
10 4.2 1.55556
14 4.57143 2.07692
17 4.47059 2.3125
25 6 2.95833
10 4.2 1.55556
6 3.66667 1.4
3 2 1
2 1 1
3 2 1
8 4.25 1.57143
17 4.23529 1.875
4 2.5 1
14 4.14286 1.76923
5 4 1.75
18 5.11111 2.47059
64 5.59375 2.60317
13 4.15385 1.66667
12 3.83333 1.36364
10 3.8 1.22222
43 5.67442 2.7381
8 4.25 1.57143
17 4.23529 1.875
34 5.41176 2.90909
19 5.57895 2.83333
28 5 2.14815
10 4.4 1.55556
19 4.31579 1.72222
6 3.66667 1.4
30 5.06667 2.62069
9 4.66667 1.75
44 4.72727 1.90698
28 5.28571 1.85185
13 4.15385 1.66667
14 4 2
43 5.25581 3.69048
26 7.92308 4.56
46 5.26087 2.48889
14 4.42857 1.69231
51 5.2549 3.06
27 5.25926 2.92308
27 5.55556 2.84615
12 4.16667 2.45455
27 4.74074 1.69231
9 3.77778 1.375
70 5.62857 2.6087
25 5.04 2.75
41 5.46341 3.125
20 5.1 3.42105
34 4.94118 3.27273
11 4 1.3
34 5.76471 4.90909
35 4.8 1.88235
21 4.38095 1.8
23 5.56522 3.04545
19 4.63158 2.55556
11 4.36364 1.5
20 4.9 2.26316
18 4.55556 3.05882
24 4.75 1.95652
13 4.61538 2.25
16 5 2.53333
23 4.69565 1.72727
14 4.71429 1.61538
3 2 1
31 5.35484 2.4
21 5.14286 2.05
30 5 2.34483
20 5.2 2
27 4.74074 1.84615
20 5.1 2.52632
13 4.15385 1.83333
8 4.25 1.57143
17 4.47059 1.75
47 5.10638 1.95652
3 2 1
32 4.9375 2.35484
21 4.7619 2.1
4 2.5 1
24 4.91667 2
25 4.8 2
16 4.25 1.4
10 4 1.55556
21 4.47619 2.15
4 2.5 1
14 4.42857 1.76923
11 4.18182 1.7
10 4.2 1.66667
40 5.35 2.25641
21 8.28571 4.35
10 4.4 1.88889
92 5.71739 3.6044
35 5.02857 1.91176
21 5.42857 2.5
17 4.58824 2.0625
32 5.3125 2.12903
34 5.52941 3.06061
46 4.95652 2.42222
29 4.75862 2.17857
34 5.17647 3.15152
2 1 1
20 4.9 2.57895
18 4.66667 1.76471
36 5.66667 3.48571
26 5.23077 2.08
36 5.27778 3.42857
54 5.55556 3.30189
6 3.66667 1.4
11 4.54545 2.1
3 2 1
59 6.27119 4.2069
30 4.8 1.7931
22 4.81818 2.2381
19 4.94737 2.38889
35 4.97143 2.58824
13 4.15385 1.41667
31 4.90323 2.43333
28 5.14286 3.96296
11 4 1.5
24 4.75 2.26087
20 4.9 1.94737
29 7.10345 3.57143
33 5.15152 2.21875
14 5.71429 2.84615
4 3 2
22 5.09091 3.47619
27 5.11111 2.11538
11 3.81818 1.7
15 4.66667 1.92857
47 5.14894 2.45652
61 5.57377 2.93333
16 4.5 1.53333
23 4.43478 1.95455
29 4.62069 1.96429
4 2.5 1
6 3.33333 1.2
10 4.2 1.88889
38 5.21053 4.43243
27 4.59259 1.92308
2 1 1
5 4 1.75
41 5.12195 2.375
33 5.45455 2.28125
18 4.55556 1.70588
27 4.81481 2.88462
41 5.36585 5.05
35 4.97143 2.52941
35 4.91429 2
41 5.41463 2.25
17 4.94118 2.125
5 2.8 1
32 5.0625 2.67742
23 4.69565 2.40909
14 4.57143 1.69231
21 4.57143 1.65
17 4.47059 1.5625
16 4.75 2
8 4 1.42857
26 6.15385 3.36
31 4.90323 2.96667
15 4.4 2
8 3.75 1.71429
58 5.13793 2.35088
10 3.8 1.66667
10 4 1.33333
20 4.8 2.57895
33 5.0303 2.21875
13 4.30769 2
13 4.61538 1.58333
21 4.66667 1.95
15 4.26667 1.5
15 4.26667 1.78571
12 4.16667 1.54545
26 4.76923 2
10 4.2 1.77778
24 4.83333 2.21739
20 4.4 1.57895
28 5.21429 2.18519
5 2.8 1.25
16 4.375 1.6
20 5.2 2.63158
20 4.9 2.05263
3 2 1
18 4.55556 2.88235
10 4.6 1.77778
68 5.44118 5.83582
32 4.6875 2.12903
7 3.42857 1.16667
13 5.07692 2.66667
22 5.09091 2.2381
2 1 1
51 5.17647 2.52
38 4.94737 2.02703
38 4.89474 1.97297
34 5.29412 1.9697
57 5.26316 3.73214
27 4.74074 2
3 2 1.5
37 6.81081 3.33333
14 4.71429 1.61538
12 4.5 2.09091
33 4.78788 2.375
17 7.17647 4.375
10 3.8 1.33333
41 5.02439 2.45
18 5.66667 2.76471
13 4 1.41667
31 5.48387 2.76667
33 5.45455 2.71875
13 4.30769 1.83333
16 4.125 1.86667
49 5.38776 3.125
25 4.88 2.79167
50 5.16 2.91837
38 5.15789 2.97297
10 4.2 1.66667
10 4.2 1.55556
5 3.2 1.25
5 3.2 1.25
16 5.5 2.8
63 5.84127 3.5
7 6 2.66667
12 4.5 2
18 4.33333 1.58824
14 5.14286 1.84615
16 4.375 1.8
23 5.3913 4.45455
88 5.43182 4.21839
29 4.75862 2.10714
31 5.54839 3.33333
19 4.73684 2.27778
7 3.42857 1.33333
25 5.52 2.375
20 4.6 1.63158
15 4.66667 2
41 5.60976 2.925
7 3.14286 1
44 5.81818 3.62791
21 4.85714 1.75
29 5.10345 2.5
3 2 1
4 2.5 1
19 4.84211 2.22222
39 5.28205 2.78947
44 5.68182 3.69767
30 10.4667 5.34483
43 5.11628 5.02381
62 5.58065 3.63934
36 5.72222 2.6
15 4.66667 1.85714
11 4.18182 1.4
51 5.05882 2.38
48 5.875 3.34043
21 5.04762 2.15
18 4.22222 1.70588
28 5.57143 3.40741
61 5.11475 2.7
20 4.8 1.89474
11 4.36364 2.1
16 4.375 2.2
3 2 1
28 4.71429 2.03704
18 4.55556 1.58824
21 4.95238 1.95
24 4.83333 2.86957
38 5.05263 3.02703
4 3 2
28 5.14286 2.2963
9 4.44444 1.625
18 4.44444 1.82353
14 4.14286 1.61538
30 5.26667 3.58621
16 4.5 2
9 4.22222 1.5
20 4.8 1.94737
9 4.22222 1.75
11 4.36364 1.7
23 5.30435 3.13636
15 4.53333 2
3 2 1
28 5.35714 2.62963
24 5.08333 1.95652
35 4.91429 2.55882
27 4.96296 2.34615
42 5.09524 2.65854
18 4.66667 1.82353
16 6.375 3.73333
26 5.46154 3.84
11 4.18182 1.6
46 5.17391 2.28889
49 5.38776 3.64583
16 4.375 2.2
14 4.42857 1.84615
15 5.2 2.21429
28 5.07143 2.77778
2 1 1
12 4.5 2
19 5.36842 3
7 4.28571 1.66667
19 4.94737 2.38889
34 5.58824 4.54545
12 4 1.45455
9 4.22222 1.625
35 4.85714 2.70588
54 5.55556 3.73585
18 4.88889 2
28 4.71429 2.92593
31 5.54839 3.1
32 6.125 4.03226
16 6.125 2.4
2 1 1
13 4.30769 1.58333
43 8.69767 4.47619
45 5.55556 2.56818
9 3.55556 1.125
9 4.22222 1.75
20 4.9 1.73684
29 5.17241 2.75
29 5.31034 2.5
28 4.92857 2.22222
47 4.85106 2
36 5.05556 3
6 4 1.6
17 4.58824 1.875
9 4.22222 1.5
29 5.03448 2.5
19 4.52632 1.83333
35 4.68571 2.20588
14 4.71429 1.84615
10 3.6 1.22222
2 1 1
14 4.42857 1.61538
27 4.88889 2.34615
26 4.92308 2.24
12 4.33333 1.54545
14 4.42857 1.84615
9 3.55556 1.375
2 1 1
22 5.18182 3.85714
14 4.28571 1.38462
8 3.5 1.42857
32 4.8125 1.96774
15 4.26667 1.5
14 4.57143 1.69231
28 4.64286 2.22222
39 5.02564 2
41 5.21951 2.175
20 5.1 3.31579
2 1 1
18 4.44444 2.05882
33 5.09091 2.5625
17 4.70588 2
56 5.78571 5.12727
37 5.35135 3.33333
39 5.17949 2.02632
28 5.14286 2.85185
27 5.03704 2.61538
18 4.66667 2.05882
5 2.8 1
30 5 2.72414
37 5.40541 2.5
22 4.72727 2.33333
28 4.78571 3.62963
39 4.71795 2.34211
14 4.14286 1.46154
7 3.71429 1.66667
46 5.17391 2.31111
36 5.72222 4.17143
14 4.85714 2.15385
9 4.22222 2.25
6 3 1.4
8 4 1.42857
2 1 1
16 5.25 2.13333
41 5.07317 2.35
32 5 2.3871
22 4.72727 1.80952
20 4.6 3.05263
37 4.86486 2.27778
21 4.66667 2
4 3 1.33333
11 3.81818 1.5
46 5.3913 2.8
33 5.15152 2.59375
23 5.21739 2.22727
26 4.69231 2.72
15 4.4 1.85714
11 4.90909 1.8
12 3.83333 1.90909
36 5.27778 2.74286
19 4.31579 1.83333
27 4.59259 1.80769
10 3.8 1.55556
13 4.30769 1.58333
22 5.09091 2.2381
12 4.33333 1.63636
9 3.55556 1.25
40 5.2 2.69231
17 4.82353 2.4375
26 4.84615 1.68
19 5.05263 1.83333
12 4.16667 1.90909
22 5.45455 2.38095
17 5.17647 2.0625
14 4.42857 1.61538
7 3.71429 1.33333
2 1 1
31 4.77419 2.1
73 5.67123 2.97222
12 4.33333 1.90909
11 4.72727 2.2
19 4.52632 2.11111
10 4 1.55556
4 2.5 1
19 4.94737 1.88889
11 4.18182 1.7
50 6.2 5.12245
41 4.92683 2.55
22 4.81818 2.2381
15 4.8 2.57143
19 4.94737 2.16667
12 4.16667 1.72727
16 4.5 1.6
27 6.07407 2.80769
37 6.59459 3.44444
20 5 2.36842
23 4.86957 2.04545
52 9.11538 5.66667
35 4.74286 2.41176
12 4.5 1.72727
20 5.8 3.31579
25 5.52 3.04167
45 5.73333 5.20455
41 4.92683 2.575
31 4.64516 1.8
34 4.88235 2.75758
26 4.76923 2.04
19 4.63158 1.77778
22 5.09091 2.38095
18 4.66667 1.76471
16 4.625 1.6
26 5.53846 3.08
16 5 2.93333
18 4.88889 2.11765
13 4.30769 1.75
13 4.92308 2.16667
2 1 1
13 4.76923 2.66667
25 4.72 1.79167
11 4.18182 1.7
28 4.5 1.92593
10 3.8 1.44444
37 5.18919 3.08333
34 4.82353 2.21212
14 4.42857 1.69231
31 5.29032 2.86667
9 4.22222 1.625
18 4.66667 2.11765
52 6.26923 3.84314
37 5.24324 2.5
3 2 1
9 4.66667 1.75
5 3.2 1.25
5 3.2 1.25
29 6.41379 3.5
13 4.15385 1.5
30 5.8 4.51724
19 4.63158 1.55556
33 5.75758 3.09375
40 4.9 2.71795
24 7.58333 5.04348
29 4.68966 2.21429
4 3 1.33333
48 5.375 2.82979
30 4.93333 2.2069
20 4.7 2
8 4.75 2
40 5.65 3.25641
38 5.21053 3.02703
9 4.22222 1.625
26 5 2.4
21 4.47619 1.75
39 5.23077 3
16 4.75 2
22 4.72727 1.80952
40 4.9 2.76923
23 5.56522 3.09091
27 4.81481 2
3 2 1
15 4.13333 1.5
26 4.76923 2.44
10 4.4 1.77778
26 4.69231 3.12
14 4.85714 2.23077
54 5.03704 2.35849
15 5.2 2
21 4.95238 2.15
28 4.5 2.48148
3 2 1
11 4.18182 1.7
49 5.06122 3.08333
44 5.13636 2.7907
8 3.5 1.28571
2 1 1
47 5.82979 2.71739
54 5.7037 3.35849
18 4.66667 2.11765
2 1 1
15 4.4 1.71429
18 4.33333 1.70588
59 5.35593 3
19 4.84211 1.77778
11 3.81818 1.6
11 4.36364 1.8
12 4.33333 1.45455
40 5.5 2.23077
30 4.6 2.24138
11 4.72727 2.4
29 5.17241 2.14286
34 4.58824 1.75758
3 2 1
5 3.2 1.25
59 5.52542 3.87931
4 2.5 1
33 5.15152 2.0625
19 5.05263 2.38889
53 5.09434 2.75
18 4.55556 1.52941
29 5.72414 2.42857
17 4.23529 1.8125
19 5.15789 2.33333
17 4.35294 1.5625
11 4.36364 1.8
23 4.95652 2.31818
32 5.5625 3.03226
22 5.27273 2.7619
17 4.82353 2.3125
17 4.58824 1.8125
21 4.85714 2.1
39 5.17949 2.18421
38 4.94737 1.91892
14 4.28571 1.53846
24 4.66667 2.04348
9 3.77778 1.75
9 3.77778 1.25
24 4.58333 1.65217
25 6 2.95833
28 5.57143 2.2963
38 4.84211 2.54054
38 5.31579 4.18919
23 5.21739 3.04545
31 5.03226 2.06667
2 1 1
26 5.07692 2.96
18 5.11111 2.35294
20 4.5 2
8 3.75 1.42857
2 1 1
28 4.71429 2.22222
19 4.63158 1.72222
6 3.66667 1.4
14 4.14286 2.07692
24 4.91667 2.65217
19 4.42105 2.22222
28 4.85714 2.59259
13 4.30769 1.5
8 4.25 1.57143
10 3.6 1.22222
9 3.77778 1.25
16 4.25 1.66667
3 2 1
20 4.7 2.10526
14 4.42857 2
10 4.8 2.33333
12 4.33333 1.63636
6 3.33333 1.4
18 5.88889 2.82353
61 5.27869 2.8
27 4.88889 1.96154
2 1 1
14 4.42857 2.84615
24 5.41667 4.65217
38 5.15789 3.05405
3 2 1
39 4.92308 2.28947
22 5.18182 2.14286
38 6.15789 2.56757
30 4.86667 2.65517
10 3.8 1.33333
16 4.75 1.86667
5 3.2 1.5
18 4.88889 2.05882
18 4.55556 1.94118
14 4.14286 1.84615
23 4.6087 1.59091
37 4.91892 1.86111
43 5.95349 2.88095
11 4.36364 2
30 5 2.17241
15 4.93333 1.92857
45 5.02222 3
30 4.66667 2.82759
36 5.11111 2.6
37 4.91892 2.44444
19 4.52632 2.61111
27 4.81481 1.92308
22 5.27273 2.04762
14 4.42857 1.76923
14 4.28571 2.23077
29 5.03448 2.28571
16 4.75 2.2
4 3 1.33333
19 5.68421 3.44444
2 1 1
27 4.88889 2.76923
13 4.15385 2
4 3 1.33333
30 6.8 3.82759
44 5.31818 2.72093
5 3.2 1.25
24 4.41667 2.52174
25 4.88 2.54167
20 4.6 1.73684
24 4.83333 1.65217
2 1 1
20 4.6 1.78947
2 1 1
27 5.55556 2.34615
11 3.81818 1.4
10 4.2 1.55556
14 4.28571 1.61538
8 4 1.57143
10 4.2 1.88889
8 3.75 1.42857
32 5.125 2.64516
26 5.15385 3.56
15 5.33333 2
23 4.52174 2
19 5.15789 2
19 4.63158 1.94444
34 5.35294 2.54545
38 4.84211 2.86486
79 5.21519 3.75641
17 4.58824 2
16 4.375 1.4
34 4.94118 2.72727
25 5.2 2.95833
20 5.3 3.63158
16 4.75 2
22 4.72727 2.33333
12 4.5 1.54545
3 2 1
26 4.84615 2.04
39 5.58974 2.97368
14 4.42857 2.46154
41 5.65854 2.5
22 4.63636 1.90476
13 4.76923 2.16667
27 4.96296 2.23077
37 5.56757 2.97222
2 1 1
57 5.47368 3
15 4.53333 1.92857
6 3.33333 1.2
23 4.86957 2.27273
15 4.26667 1.85714
44 5.36364 2.55814
25 4.8 2.16667
17 11.4118 5.375
71 5.85915 3.58571
19 4.63158 1.83333
7 3.42857 1.16667
14 5 2
31 5.29032 2.26667
19 4.63158 1.88889
57 5.26316 2.19643
4 2.5 1
43 5.16279 2.80952
6 3 1
57 6.03509 3.96429
5 3.2 1.25
24 5 2.08696
22 5 2.09524
15 4.4 1.78571
24 4.83333 2.43478
16 4.875 1.8
35 4.97143 2.05882
31 4.96774 2.1
16 4.25 1.6
26 4.61538 1.8
42 6 2.87805
4 2.5 1.33333
31 5.16129 2.46667
24 4.58333 2.04348
6 3.33333 1.2
54 5.66667 3.92453
11 4 1.4
32 5.6875 3.54839
6 4 1.8
3 2 1
22 5.18182 2.66667
20 5.1 2.36842
18 4.66667 2
24 4.75 3.04348
41 5.31707 2.075
24 4.58333 1.6087
6 4 1.6
18 4.88889 2.58824
27 5.18519 2.19231
31 5.03226 2.06667
11 4 1.8
7 3.42857 1.5
3 2 1
17 5.17647 2.4375
31 5.29032 2.76667
4 2.5 1
29 5.7931 2.46429
35 5.2 2.73529
40 5.5 3.41026
33 5.39394 3.03125
29 5.03448 2
24 4.75 1.56522
64 5.59375 2.90476
12 4 1.72727
88 5.22727 2.62069
63 5.49206 3.67742
43 4.97674 2.83333
24 4.58333 1.82609
8 3.75 1.28571
23 4.6087 1.63636
38 5.10526 3.89189
16 4.375 1.86667
31 4.83871 2.1
14 4.28571 1.53846
17 4.35294 1.75
13 4.15385 1.58333
22 4.27273 1.7619
2 1 1
15 4.66667 1.92857
12 4.5 2.45455
23 4.95652 2.27273
31 5.09677 2.86667
17 4.82353 2.4375
25 5.12 2.08333
34 4.94118 2.12121
3 2 1
24 5 2.65217
17 4.23529 2
14 4 1.61538
13 4.15385 1.5
27 5.18519 2.57692
6 3.66667 1.4
9 4.22222 1.5
19 4.52632 2.11111
32 5.125 4.41935
30 5.2 3.48276
15 4.66667 1.78571
34 5.11765 2.0303
31 4.96774 2.13333
39 5.33333 2.73684
21 4.66667 2
27 4.81481 1.88462
9 4 1.875
23 4.95652 1.90909
36 4.94444 2.28571
16 4.125 1.73333
9 3.77778 1.25
29 5.37931 3.21429
5 2.8 1
13 4.46154 2.25
23 4.34783 1.54545
19 4.84211 2.27778
23 4.86957 2.18182
65 5.16923 3.0625
7 4.28571 1.66667
14 4.42857 1.61538
33 5.0303 1.96875
9 3.77778 1.375
19 4.94737 2.11111
14 4.28571 1.76923
13 4 1.41667
14 4.42857 1.61538
32 5.25 2.67742
36 5.05556 2.37143
3 2 1
34 4.88235 2.06061
34 5.35294 2.15152
2 1 1
33 4.9697 3.03125
47 5.14894 3
3 2 1
37 5.40541 4.30556
3 2 1
38 5.21053 2.86486
17 4.82353 2
44 6.13636 3.2093
2 1 1
8 3.5 1.14286
17 5.52941 2.125
49 4.93878 2.20833
27 5.25926 2.65385
11 4.18182 1.8
8 3.75 1.42857
25 4.88 2.54167
24 5 2.73913
32 5.1875 3.64516
41 5.36585 2.825
24 5.08333 2.43478
11 4.18182 1.7
26 5 2.08
6 3.33333 1.2
8 4.25 1.71429
12 4.66667 1.63636
8 3.5 1.57143
53 5.01887 2.44231
3 2 1
5 3.2 1.25
27 4.88889 1.96154
5 3.2 1.25
22 5.09091 1.90476
17 4.47059 1.75
6 3.33333 1.2
44 5.40909 3.48837
11 4.72727 1.7
39 6 4.52632
20 4.7 1.84211
20 4.4 2.21053
52 4.76923 1.98039
16 5.375 2.13333
46 5.78261 3
26 5.23077 2.16
46 5.34783 3.37778
29 5.03448 2.42857
31 8.58065 3.76667
30 5.06667 3.68966
7 3.42857 1.16667
38 4.94737 2.16216
7 4.28571 1.66667
14 4.57143 3.15385
47 5.53191 4.21739
15 4.66667 2.57143
30 5 3.10345
3 2 1
26 4.76923 2.16
18 4.66667 2.64706
15 4.4 1.64286
17 4.70588 2.125
11 4.72727 1.9
23 5.04348 2.68182
22 4.81818 1.95238
11 4.36364 2
44 5.72727 2.74419
32 5.875 3.70968
25 4.8 1.70833
3 2 1
20 4.5 1.63158
26 4.84615 1.96
9 4.22222 1.625
19 4.63158 2.33333
32 5.8125 4
19 4.73684 1.94444
13 4.76923 1.66667
20 4.8 2.57895
35 4.97143 2.94118
32 5.3125 2.70968
13 4.46154 1.58333
56 5.07143 2.34545
27 5.03704 2.03846
20 4.5 2.10526
8 3.75 1.28571
9 3.55556 1.375
17 4.94118 1.6875
14 4.42857 1.61538
11 3.81818 1.4
26 4.76923 2.12
7 3.42857 1.5
12 4.83333 1.81818
35 5.14286 2.85294
31 4.77419 1.83333
19 4.63158 1.94444
2 1 1
2 1 1
4 2.5 1
64 5.6875 3.22222
3 2 1
34 5.29412 2.81818
36 4.5 2.02857
7 3.42857 1.16667
6 4 1.6
3 2 1
22 5.45455 3.04762
26 5.84615 3.12
23 4.78261 2.13636
20 4.4 2
2 1 1
15 4.4 2.07143
25 4.96 2.75
6 4 1.6
16 4.125 1.66667
13 4.30769 1.66667
2 1 1
7 3.71429 1.33333
8 3.5 1.42857
28 5.57143 2.92593
7 4 1.5
85 6.91765 5.79762
37 4.97297 2.27778
53 5.20755 3.09615
22 4.90909 2.04762
18 4.33333 1.70588
31 4.70968 2.56667
54 5.40741 2.86792
5 3.2 1.25
14 4.14286 1.61538
5 3.2 1.25
33 5.33333 2.125
15 4.4 2.28571
26 5 2.28
41 5.41463 2.55
15 5.6 2.14286
9 3.77778 1.25
12 3.83333 1.54545
16 5 2.66667
22 4.72727 2.33333
26 5.07692 1.84
31 4.83871 2.6
44 4.90909 2.86047
37 4.91892 2.02778
6 4 1.6
28 5.14286 2.44444
13 4.15385 1.5
6 3.33333 1.2
23 5.04348 2.09091
12 4.66667 2.09091
10 4 1.66667
10 4.4 1.77778
23 4.95652 2.13636
39 7.74359 3.39474
48 5.20833 3.12766
24 5 2.3913
11 4.90909 1.8
33 5.21212 2.40625
14 4 1.84615
17 4.94118 1.9375
7 3.42857 1.66667
7 4 1.5
37 5.18919 2.80556
4 2.5 1
27 4.88889 3.15385
23 4.86957 2.36364
19 4.94737 1.94444
13 4 1.41667
4 2.5 1
27 4.66667 1.73077
61 5.83607 4.36667
13 4.61538 1.91667
24 4.66667 2.47826
16 4.5 1.8
15 4.26667 1.42857
6 3 1.4
19 4.73684 3.72222
19 5.36842 2.05556
25 4.64 1.66667
19 4.63158 2.11111
17 4.35294 2.0625
34 4.94118 2.54545
4 2.5 1
22 5.63636 3.04762
9 4.22222 1.75
41 4.87805 2.05
12 4.33333 2.36364
70 5.62857 3.02899
23 4.86957 1.86364
33 5.09091 2.5625
24 5.08333 2.43478
17 4.58824 1.9375
21 4.85714 2.35
18 4.66667 1.82353
16 4.375 2.66667
63 5.14286 2.75806
55 5.85455 4.2037
3 2 1
20 4.4 1.94737
38 5.31579 2.89189
32 5.1875 2.64516
6 3.33333 1.6
22 5.27273 2.14286
7 3.42857 1.16667
16 4.5 1.6
13 4.76923 2.08333
22 5.09091 2.71429
16 5.25 2.13333
25 5.12 1.95833
13 4.61538 1.58333
20 5.1 2.36842
24 4.83333 2.04348
9 4.44444 1.625
21 4.7619 1.7
15 4.4 1.85714
30 4.66667 2.34483
4 3 1.33333
11 4.18182 1.5
35 4.97143 3
18 5.33333 2.29412
23 4.86957 1.86364
51 4.86275 1.94
15 4.66667 2.07143
30 5.46667 3.34483
10 4.2 1.44444
20 4.4 1.63158
45 5.11111 2.77273
20 4.6 1.89474
11 4.72727 2.1
9 4.22222 1.5
23 4.43478 1.59091
14 4.57143 2.46154
14 4.42857 1.69231
28 5 1.92593
3 2 1
18 4.88889 2.76471
28 5.07143 2.44444
10 4.4 1.55556
49 5.38776 2.47917
47 5.3617 3.78261
6 4 1.6
16 4.75 2
26 5 2.12
2 1 1
8 4 1.42857
22 5 1.90476
22 4.72727 1.80952
6 4 1.6
10 3.8 1.22222
30 4.73333 2.17241
8 3.5 1.71429
10 4 1.55556
26 5.76923 2.96
61 6.68852 5.31667
26 6.15385 3.68
26 5.38462 2.12
16 5.125 2.73333
15 4.26667 1.5
34 5.35294 2.66667
13 4.61538 1.75
13 4.15385 1.58333
30 5.33333 1.93103
34 5 2.72727
6 3.33333 1.2
10 4.6 2.44444
32 4.875 2.35484
6 3.33333 1.4
24 5.25 2.69565
13 4.30769 1.83333
4 2.5 1
2 1 1
38 5.36842 2.72973
31 5.09677 1.93333
32 5.1875 2.48387
38 5.10526 3.35135
40 5.05 2.69231
30 5.06667 2.55172
17 4.35294 1.625
20 5.5 3.52632
23 4.6087 2.09091
5 3.2 1.25
9 4.44444 2.125
18 4.55556 1.70588
21 4.7619 2
35 5.42857 2.79412
18 4.77778 2.29412
55 5.05455 2.48148
90 5.57778 3.58427
51 5.29412 3.08
32 5.3125 3.12903
9 4.22222 1.5
23 5.3913 2.31818
15 4.26667 1.92857
61 5.86885 3.28333
43 6.13953 3.42857
3 2 1
35 4.91429 2.20588
32 5.3125 2.48387
25 6.24 2.70833
16 4.375 1.93333
17 4.82353 2
25 5.6 2.04167
62 5.06452 2.57377
5 4 1.75
2 1 1
41 5.12195 2.65
28 5.42857 2.92593
26 4.53846 2.44
33 5.33333 3.40625
31 5.54839 2.63333
30 5.33333 2.44828
20 5 2.47368
38 5.21053 3.08108
10 4 1.66667
23 5.13043 2.31818
29 4.55172 1.89286
17 4.23529 2.5
30 4.93333 3.31034
10 4.2 2.11111
48 6.66667 6.40426
12 3.83333 1.27273
14 5.42857 2.69231
69 5.27536 2.55882
13 4.30769 1.83333
23 4.86957 2.18182
15 4.26667 2.14286
29 4.96552 1.78571
33 5.57576 3.65625
28 5.07143 2.14815
6 3.66667 1.4
9 4.22222 1.875
17 4.82353 2.625
33 5.15152 2.3125
26 4.69231 1.88
12 4.5 2.09091
59 5.59322 3.43103
37 5.2973 2.5
20 4.8 2
12 4.16667 1.72727
12 4.5 1.54545
2 1 1
3 2 1
34 5.82353 3.21212
47 5.23404 3.52174
24 4.58333 1.73913
7 4.85714 2
28 4.78571 2.18519
18 5 2.47059
3 2 1
5 3.2 1.5
45 5.2 1.97727
10 3.6 1.22222
21 4.7619 1.85
59 5.55932 2.84483
4 2.5 1.33333
29 5.31034 2.57143
10 4.6 1.88889
26 4.69231 2.04
17 4.35294 1.625
17 4.11765 1.6875
20 4.9 2.57895
28 5.64286 2.81481
17 4.70588 2.5625
12 4.16667 2.18182
29 5.17241 2.57143
10 4 1.55556
13 4 1.83333
10 4 1.33333
16 5.25 2.86667
14 4.28571 1.84615
28 4.78571 2.74074
11 4.72727 2.3
24 4.5 1.69565
20 5.2 2.10526
33 6.90909 5.15625
50 5.24 3.14286
18 5.44444 2.35294
34 4.82353 2.06061
13 4 1.5
39 4.87179 2.52632
36 5 2.28571
28 4.92857 2.25926
2 1 1
3 2 1
24 4.91667 2.47826
15 4.53333 1.78571
11 4 1.4
7 3.42857 1.33333
17 4.35294 1.625
28 6.14286 3.37037
14 4.42857 2
28 5.42857 2.66667
8 3.5 1.28571
54 5.33333 2.81132
39 5.12821 2.21053
29 5.03448 2.78571
13 4.61538 1.75
24 4.5 2.30435
7 3.42857 1.16667
17 4.47059 1.875
10 3.8 1.44444
16 4.375 1.8
13 4.15385 1.5
7 3.71429 1.33333
21 4.66667 2.3
44 5.40909 2.86047
11 4 1.5
23 4.69565 1.59091
38 5.68421 3.43243
4 3 1.33333
8 4.75 2.71429
19 4.84211 1.83333
13 5.23077 2.08333
3 2 1
25 4.8 2.5
31 5.54839 2.53333
10 3.8 1.33333
16 5.75 3.26667
27 4.81481 2.19231
38 4.84211 2.45946
22 4.45455 1.85714
41 5.26829 3.15
23 6.17391 2.77273
27 4.96296 2.23077
38 5.68421 2.72973
31 5.41935 2.46667
9 3.77778 1.5
32 5.0625 3.16129
11 4.18182 1.4
30 4.86667 2.24138
8 4 2
12 4.33333 1.90909
18 4.66667 2
27 5.40741 2.92308
17 4.47059 2.4375
7 3.42857 1.33333
15 4.66667 2
13 5.07692 2.83333
25 5.52 2.75
13 5.07692 2.83333
3 2 1
9 4.88889 1.875
17 4.11765 1.5625
17 4.58824 1.75
3 2 1
11 3.81818 1.3
47 4.97872 3.26087
31 4.64516 2.03333
24 5.08333 2.04348
4 3 1.33333
24 4.33333 1.86957
18 5 1.82353
23 4.86957 1.95455
3 2 1
17 4.70588 2.1875
18 4.33333 1.76471
6 3 1
52 5.61538 3.43137
7 4 1.66667
13 5.38462 2
36 5.11111 3.57143
22 4.54545 1.57143
29 4.89655 2.10714
20 4.7 1.68421
57 6.21053 4.39286
80 5.775 3.22785
32 4.75 2.54839
54 5.51852 2.67925
2 1 1
12 4.16667 1.90909
33 5.39394 2.84375
25 4.96 1.83333
62 5.64516 3.5082
18 4.88889 1.94118
24 5.08333 2.3913
41 5.02439 2.7
40 5.05 2.35897
25 4.96 1.95833
41 5.65854 4.5
20 5.2 2.73684
21 4.7619 1.7
28 4.78571 2.44444
31 5.29032 2.03333
29 4.48276 1.82143
29 4.82759 2.85714
48 5.375 2.68085
4 3 1.33333
35 5.2 3.11765
32 5.375 2.48387
26 4.92308 2.28
11 4.90909 2
44 5.04545 2.97674
50 4.96 2.57143
3 2 1
2 1 1
6 4 1.6
3 2 1
30 5.06667 2.31034
10 4.2 1.55556
21 4.19048 2.65
12 4.66667 1.63636
26 4.69231 2.76
13 4.92308 1.75
30 5.66667 3.62069
9 4.22222 1.5
17 5.41176 2.9375
15 4.4 1.57143
25 5.6 2.91667
29 5.17241 2.32143
39 5.33333 3.5
14 11.4286 5.46154
37 4.81081 2.13889
23 4.6087 1.68182
4 3 1.33333
28 5.07143 2.7037
13 3.84615 1.66667
12 4 1.36364
37 5.56757 3
36 5 1.97143
26 4.46154 2.08
31 5.48387 2.16667
13 4.15385 1.75
8 3.75 1.57143
19 4.52632 1.77778
23 4.69565 1.86364
20 4.9 2.47368
61 5.67213 3.46667
33 6.24242 2.875
40 4.85 2.35897
28 4.92857 2.14815
65 6.30769 5.90625
28 4.85714 2
37 5.51351 3.66667
54 5.07407 2.22642
68 5.14706 4.92537
25 5.6 3.83333
8 3.75 1.28571
9 3.77778 1.25
2 1 1
3 2 1
31 4.51613 2.3
19 4.52632 1.77778
44 5.18182 3.44186
30 5.26667 2.86207
8 3.5 1.14286
14 4.71429 2.46154
8 3.75 1.28571
12 4.83333 1.81818
2 1 1
29 4.62069 2.71429
13 4.61538 1.91667
7 3.71429 1.33333
4 2.5 1.33333
39 4.87179 2.84211
13 4.46154 1.58333
9 4 1.375
12 4.5 1.54545
22 5.09091 2.14286
24 4.66667 2.08696
26 5.07692 2.48
34 5 2.54545
13 4.30769 1.5
47 4.97872 2.45652
36 5.27778 3.88571
26 5 2.16
29 5.10345 2.07143
18 6.22222 2.70588
10 4.4 1.55556
3 2 1
53 4.98113 2.13462
5 3.2 1.25
14 4.85714 1.69231
19 4.73684 2.16667
46 5.26087 2.42222
51 4.78431 2.4
26 4.53846 2.16
41 5.95122 2.6
20 4.4 1.68421
20 5.5 2.42105
17 4.47059 1.5625
28 5.35714 2.77778
35 5.14286 2.02941
34 4.82353 2.24242
27 4.59259 3.19231
5 3.2 1.25
10 3.8 1.55556
17 4.23529 1.75
32 5.375 2.48387
15 4.26667 1.85714
33 5.45455 2.3125
2 1 1
35 5.48571 2.91176
26 5.38462 3.08
9 4.88889 2.25
27 4.81481 2.15385
8 3.5 1.14286
16 4.375 1.86667
31 5.29032 3.43333
23 4.95652 3.27273
15 4.26667 2.5
11 4.72727 2.2
14 4.85714 1.92308
16 4.375 2
4 2.5 1
39 6 3.39474
37 5.24324 3.11111
6 3.66667 1.4
4 2.5 1.66667
27 4.51852 1.61538
27 5.40741 3.61538
10 4 1.33333
14 4.14286 1.69231
12 4.16667 1.72727
6 3.33333 1.2
46 6.3913 4.17778
9 4.22222 1.5
13 4.30769 1.75
51 4.7451 2.78
35 5.02857 4.23529
40 5.2 2.97436
46 5.08696 2.42222
16 4.875 2.46667
10 4.2 1.66667
4 2.5 1
20 4.8 1.94737
13 4.15385 1.83333
9 3.77778 1.375
3 2 1
14 4.42857 2.07692
4 2.5 1
31 4.70968 2.9
30 5.46667 3.13793
29 5.10345 2.5
7 3.71429 1.5
