2 1 1
3 2 1
5 3.2 1.5
2 1 1
6 3 1
27 4.81481 1.76923
36 5.27778 2.8
15 4.26667 1.71429
22 5 2.47619
10 4.2 1.55556
8 3.75 1.28571
15 4.53333 3.07143
8 3.5 1.14286
2 1 1
13 4 1.66667
56 5.25 3.23636
36 5.33333 3.05714
24 5.41667 2.6087
4 2.5 1
7 3.71429 1.33333
8 3.5 1.71429
2 1 1
13 4.30769 1.58333
2 1 1
21 4.66667 2.3
47 5.10638 2.73913
25 4.72 1.91667
33 4.9697 2.03125
7 3.42857 1.16667
11 4.72727 1.9
6 3.66667 1.4
30 5.53333 2.72414
20 5.1 2.68421
20 5.4 2.36842
34 4.82353 2.24242
9 3.55556 1.125
11 3.81818 1.3
4 2.5 1
10 4.2 1.66667
5 2.8 1
2 1 1
28 4.78571 2.51852
18 4.11111 1.35294
32 4.4375 2.03226
19 4.31579 1.88889
14 4.42857 1.76923
39 4.92308 2.36842
8 4.25 1.57143
23 4.86957 1.81818
9 4.22222 1.875
25 4.8 2
6 3.33333 1.4
26 4.69231 2.04
28 4.92857 2.11111
4 2.5 1
6 3.33333 1.4
3 2 1
4 3 1.33333
2 1 1
13 4.61538 1.66667
14 5.28571 2.30769
10 4.8 2.33333
26 4.46154 2.12
15 5.2 1.92857
5 3.2 1.25
19 4.63158 2.05556
10 4.2 1.55556
6 3 1.4
12 4 1.72727
6 3 1.4
13 4.46154 1.75
2 1 1
40 5.15 2.10256
41 4.87805 2.25
66 7.12121 6.10769
14 4.57143 2.07692
13 4.15385 1.75
41 5.17073 2.6
21 4.38095 1.7
27 4.81481 2.23077
11 4.18182 2
22 4.45455 2.04762
22 4.72727 1.80952
10 4.6 2.33333
4 2.5 1
8 3.5 1.14286
2 1 1
10 3.6 1.11111
25 5.12 2.08333
13 5.23077 2.16667
15 4.26667 1.85714
13 4.61538 1.75
8 3.5 1.14286
9 3.77778 1.5
3 2 1
6 3.33333 1.4
7 3.42857 1.5
43 5.02326 3.11905
24 4.66667 2
18 4.55556 2
13 4.30769 2.16667
3 2 1
4 3 1.33333
2 1 1
17 4.23529 1.8125
17 4.70588 2.125
13 4.15385 1.75
24 4.58333 1.86957
15 4.93333 2.14286
2 1 1
6 3 1
5 3.2 1.25
33 5.09091 2.1875
20 4.6 1.73684
10 3.6 1.11111
14 4.28571 2.15385
17 4.82353 1.9375
8 4.75 2
2 1 1
7 3.42857 1.16667
2 1 1
32 4.75 2.58065
48 5.04167 2.42553
22 4.36364 1.66667
11 5.09091 2.8
3 2 1
12 4.66667 1.81818
32 5.8125 2.87097
10 4.8 1.77778
3 2 1
4 3 1.33333
14 4.28571 1.38462
9 4 1.5
21 4.66667 1.9
20 4.8 2.57895
26 5.15385 2.28
34 6.05882 3.15152
40 5.5 2.76923
10 3.8 1.55556
11 3.81818 1.5
26 6.38462 3.6
14 4.14286 1.46154
30 5.53333 2.96552
5 3.2 1.25
29 7.03448 3.64286
21 4.28571 1.7
5 3.2 1.25
12 4.5 2
9 3.55556 1.125
13 5.07692 2.08333
17 6.23529 3.5
8 5.75 2.42857
10 4.8 1.77778
3 2 1
32 5.75 4.41935
12 5.5 2.09091
10 4.8 2.11111
8 3.75 1.28571
8 4.75 2.14286
18 4.33333 1.58824
6 3.66667 1.4
28 5.85714 3.96296
11 4 1.6
11 3.81818 1.6
13 4.15385 1.33333
30 5.33333 2.44828
7 4.85714 2
18 4.88889 2.23529
6 3.33333 1.4
13 4.30769 1.5
7 4 1.5
10 4 1.33333
18 5.44444 2.58824
8 3.75 1.42857
20 5 1.89474
10 4.2 2
13 4.46154 1.91667
25 4.64 1.875
9 3.55556 1.125
12 4.33333 1.63636
16 5 2.33333
14 4.71429 1.92308
2 1 1
20 5.3 2.36842
22 5.27273 3.38095
37 4.81081 2.55556
33 5.57576 2.9375
7 4 1.5
12 4.16667 1.63636
9 4.66667 2.5
25 5.44 2.875
19 4.31579 1.77778
10 4.2 1.55556
18 4.55556 1.64706
11 3.81818 1.2
17 4.58824 1.9375
20 4.6 2.15789
16 4.875 2.2
10 3.8 1.44444
60 5.1 2.9661
27 4.44444 1.69231
11 5.27273 2
45 5.2 2.59091
14 4.14286 1.69231
20 4.6 2.47368
5 3.2 1.25
9 3.55556 1.25
9 4 1.5
8 4.25 1.57143
9 4.22222 1.75
21 4.57143 1.75
15 3.86667 1.28571
6 4 1.6
17 4.35294 1.625
16 4.25 1.6
27 4.88889 2.15385
14 4.42857 1.76923
14 4.14286 1.46154
36 5.33333 2.42857
12 4.33333 1.63636
12 4.16667 1.72727
19 4.94737 2.16667
15 5.86667 3.21429
9 4.22222 1.5
10 4.2 1.77778
18 4.33333 1.58824
11 4.18182 1.6
51 4.90196 2.78
11 4.36364 1.9
15 4.66667 2.07143
14 4.14286 1.46154
11 5.27273 2.3
12 4.33333 1.90909
8 3.5 1.42857
12 4.33333 1.45455
14 5 2.46154
32 5.125 3.29032
6 3 1
10 4.2 2
33 5.15152 3.375
18 5.11111 2.52941
9 4.66667 2.375
19 4.21053 1.83333
10 4.8 1.77778
21 6.95238 3.4
13 4.92308 2
7 4 1.5
14 4.42857 1.61538
11 4.18182 1.7
18 5.33333 2.05882
16 5.125 2.46667
8 4 1.42857
9 4 1.5
18 4.44444 1.64706
5 2.8 1.25
3 2 1
2 1 1
8 4 1.57143
3 2 1
6 4 1.8
6 3 1.4
28 5.21429 2.85185
45 5.15556 3.18182
29 5.17241 2.25
19 4.63158 1.88889
13 3.84615 1.25
28 5.14286 2.92593
2 1 1
12 3.66667 1.09091
2 1 1
17 4.58824 1.875
2 1 1
5 3.2 1.5
6 3 1.4
5 2.8 1.25
5 2.8 1.25
5 2.8 1.25
5 2.8 1.25
6 3 1.4
5 2.8 1.25
5 2.8 1.25
5 2.8 1.25
5 2.8 1.25
8 3.5 1.71429
7 3.14286 1.5
5 2.8 1.25
7 3.42857 1.66667
45 5.33333 3.15909
42 5.2381 2.68293
11 4.36364 2.1
9 4 1.375
17 4.35294 1.4375
20 4.5 1.78947
64 5.59375 3.61905
14 4.28571 1.38462
6 3.33333 1.2
16 4.25 1.6
5 2.8 1
6 3 1
26 4.61538 2
37 4.48649 1.61111
28 5.42857 3.07407
19 4.73684 1.83333
15 4.4 3.14286
2 1 1
10 3.8 1.22222
6 3.33333 1.6
3 2 1
2 1 1
12 4.16667 1.63636
31 4.58065 1.9
20 4.8 1.84211
32 4.8125 2.09677
18 5.77778 2.82353
97 8.30928 7.41667
13 4.61538 1.91667
19 4.94737 2.66667
50 5.12 3.16327
22 4.63636 1.7619
5 3.2 1.25
68 5.88235 5.9403
20 4.6 2.10526
10 4.2 1.55556
6 3.33333 1.6
7 3.42857 1.16667
14 4 1.46154
13 4.61538 2
2 1 1
12 4 2.18182
33 5.09091 1.96875
26 4.84615 1.84
14 3.85714 1.23077
19 4.52632 2.05556
12 4 1.72727
11 4.18182 1.7
17 4.94118 3.375
33 4.90909 2.1875
15 5.33333 2.28571
28 4.92857 2.40741
27 4.66667 1.65385
32 4.75 2
22 4.81818 2.09524
48 5.5 2.6383
29 5.17241 2.21429
29 5.24138 2.96429
11 5.09091 2.3
10 4.4 1.55556
51 5.09804 3.06
15 4.13333 2
29 4.68966 2.03571
17 4.82353 1.875
19 5.15789 2.22222
13 4.30769 1.91667
11 3.81818 1.2
23 4.86957 2.36364
22 5.27273 2
28 5.14286 2.33333
13 4.46154 1.83333
17 4.23529 1.5
3 2 1
22 4.36364 1.61905
15 4.26667 1.57143
20 4.8 1.73684
24 4.83333 2.78261
21 4.38095 1.7
9 4 1.5
19 4.63158 1.66667
6 3.33333 1.2
13 4.30769 2.08333
13 3.84615 1.33333
11 3.81818 1.9
10 4.4 1.55556
2 1 1
10 6.4 2.66667
18 5 2.23529
26 4.76923 1.84
58 6.10345 4.98246
34 4.94118 2.33333
32 5.25 2.74194
25 4.56 1.875
10 4.4 1.66667
40 5.2 3.74359
12 4.66667 2.09091
32 5.375 3.45161
17 4.23529 1.8125
14 5.14286 2
11 5.27273 2.4
12 4.66667 1.90909
27 4.96296 2.57692
14 4 1.38462
19 5.47368 2.44444
13 4.30769 1.58333
20 4.9 2.31579
19 5.15789 2.55556
19 4.84211 1.83333
28 4.5 1.85185
22 7.36364 3.09524
8 3.5 1.14286
6 3.33333 1.4
5 2.8 1
11 3.63636 1.3
6 3 1
8 3.75 1.28571
11 3.63636 1.1
2 1 1
31 4.90323 2.46667
15 4.53333 1.85714
35 4.8 1.73529
31 4.58065 1.7
50 5.32 3.12245
10 3.8 1.22222
20 4.8 2.26316
16 4.625 1.6
7 4.85714 2
35 4.57143 2
41 5.31707 2.325
21 4.38095 2
9 4.22222 1.5
13 4.15385 1.83333
22 4.45455 2.52381
37 4.59459 1.77778
29 5.58621 2.89286
14 4.57143 2
32 5.1875 2.6129
17 4.58824 2.125
2 1 1
4 2.5 1.33333
5 3.2 1.25
7 3.42857 1.16667
2 1 1
24 4.75 1.73913
30 5.33333 4.27586
13 4.15385 1.33333
32 4.4375 1.74194
18 4.44444 1.88235
31 5.48387 2.93333
43 6.37209 5.45238
11 4.54545 2.1
8 4 1.57143
6 4 1.6
5 2.8 1
43 5.30233 2.92857
27 4.74074 2.34615
27 4.81481 2.42308
34 5.11765 1.9697
24 4.75 1.65217
6 3.33333 1.2
30 4.93333 3.13793
31 5.22581 3.1
36 5.22222 2.62857
23 5.04348 2.45455
21 6.57143 3.05
32 5.6875 3.09677
73 5.67123 2.91667
16 4.875 1.93333
2 1 1
31 4.90323 2.53333
66 6.06061 3.30769
9 4.22222 1.5
7 4.28571 1.66667
55 5.34545 2.53704
13 4.46154 2
15 4.53333 1.57143
37 5.89189 3.83333
14 4.85714 1.84615
27 5.55556 2.5
28 5.5 2.88889
24 4.58333 2
5 4 1.75
52 5 2.70588
37 5.13514 2.36111
25 4.8 2.125
35 5.02857 2.05882
21 5.33333 1.95
59 5.55932 3.65517
27 4.81481 1.80769
2 1 1
7 4 1.66667
2 1 1
55 5.27273 2.33333
56 4.96429 3
31 4.83871 3.43333
9 3.55556 1.125
9 3.77778 1.25
18 5 1.94118
2 1 1
7 3.71429 1.66667
7 3.42857 1.5
61 5.2459 2.35
8 4.25 1.57143
16 4.375 2.06667
37 5.02703 2.77778
24 4.83333 2.43478
25 4.56 1.70833
23 5.30435 2.18182
2 1 1
6 3 1
4 2.5 1
11 3.81818 1.4
8 3.75 1.28571
7 3.42857 1.16667
9 4.22222 1.5
9 4.22222 1.5
2 1 1
11 4.36364 1.5
39 5.58974 4.15789
41 5.07317 2.3
29 4.68966 2.32143
15 4.26667 1.64286
62 6.58065 4.37705
8 3.5 1.57143
28 4.71429 2.07407
55 5.96364 3.14815
39 4.97436 1.97368
11 4.54545 1.8
24 4.83333 1.82609
8 4 1.42857
17 4.94118 1.875
26 5.23077 2.72
25 4.64 2.25
25 4.96 2.16667
20 4.4 1.63158
25 5.2 2.25
54 5.40741 3.49057
42 6.7619 3.92683
22 5.09091 1.80952
12 4.16667 2
35 4.8 1.58824
19 4.52632 1.66667
28 4.5 2.2963
24 4.25 1.6087
8 3.75 1.28571
17 5.41176 2.1875
13 4.46154 1.91667
16 4.125 1.26667
9 4 1.375
12 4.16667 2.09091
33 5.69697 2.90625
5 2.8 1
34 5.35294 3.93939
13 4 1.41667
14 4.14286 1.53846
12 4 1.63636
13 4.30769 1.58333
10 3.8 1.22222
19 5.36842 2
16 5.375 2.2
12 5.66667 2.45455
31 5.6129 3.16667
19 5.05263 2.38889
11 4.36364 1.5
2 1 1
20 5.7 2.94737
12 3.83333 1.18182
33 5.75758 2.375
18 4.55556 2.76471
6 3 1
23 4.69565 1.68182
29 5.24138 2.64286
20 4.9 1.94737
26 4.53846 1.84
10 4.6 1.77778
9 4.22222 1.75
23 5.04348 2.36364
32 5.125 3.06452
22 5.54545 2.47619
8 3.5 1.28571
21 5.61905 2.75
7 4 1.5
43 5.95349 4.16667
10 4.8 2.11111
24 5.66667 3.30435
6 3 1
10 4.2 2
11 4.18182 1.9
27 5.92593 3.03846
8 4 1.71429
9 3.77778 1.5
2 1 1
40 4.9 1.84615
22 4.54545 1.85714
29 4.68966 2.39286
37 4.86486 3.55556
5 3.2 1.25
51 4.90196 2.04
14 4.71429 1.69231
11 4.18182 1.6
19 4.63158 1.77778
23 5.82609 3.36364
26 4.92308 2.92
25 5.2 2.58333
8 3.5 1.71429
12 3.66667 1.09091
20 4.9 2.52632
21 5.71429 3.1
26 5.38462 2.6
51 5.76471 3.56
21 5.04762 2.6
16 4.375 1.53333
28 5.14286 2.59259
22 4.72727 2.61905
11 4.18182 1.4
41 5.17073 2.325
4 3 1.33333
11 4.72727 1.7
2 1 1
19 5.05263 2.33333
17 4.47059 1.5625
5 2.8 1
17 4.70588 1.875
25 4.72 2.375
30 4.6 2.06897
23 4.69565 1.59091
38 6.42105 3.48649
25 4.88 2.25
39 5.4359 2.52632
11 4.18182 1.6
12 4 1.72727
30 6.2 3.41379
22 5.90909 3.28571
21 5.61905 3.3
71 6.30986 5.02857
34 4.88235 2.0303
21 4.47619 2.1
13 4 1.91667
22 5.54545 3
20 4.9 2.31579
20 4.5 1.78947
24 4.5 2.17391
38 5.21053 2.37838
14 4 1.84615
2 1 1
15 4.53333 2.07143
40 5.4 2.89744
21 5.04762 2.05
42 5.09524 2.92683
32 4.8125 1.96774
20 5.6 2.68421
30 5.4 2.62069
18 4.44444 1.76471
27 4.59259 2.03846
8 4 1.71429
12 4 1.36364
23 4.86957 2.18182
19 5.05263 1.94444
33 4.48485 1.71875
5 3.2 1.25
25 6.48 3.58333
2 1 1
7 3.14286 1
15 4.26667 1.57143
12 5.33333 2
8 4.25 1.71429
9 4 1.5
2 1 1
2 1 1
12 4.5 1.81818
25 5.6 2.91667
29 6.06897 4.60714
8 4.25 1.57143
14 5.14286 2.84615
16 4.25 1.6
12 4.5 1.90909
19 4.52632 1.83333
2 1 1
12 5.16667 3
26 4.76923 2.52
9 3.77778 1.25
18 4.55556 2.05882
8 3.75 1.71429
35 5.08571 2.17647
12 4.33333 1.72727
5 2.8 1.5
5 3.2 1.5
18 6.66667 3.47059
22 5.54545 2.52381
6 4 1.6
12 3.83333 1.27273
46 5.21739 2.66667
14 4.85714 2
38 5.05263 2.43243
26 4.84615 2.08
7 3.42857 1.16667
15 4.13333 2
22 4.36364 1.61905
28 4.78571 2.25926
17 5.17647 2.3125
8 3.75 1.28571
16 5 2.66667
14 5 1.92308
6 4 2
20 4.4 1.84211
20 4.3 1.78947
26 5.07692 1.92
10 3.8 1.44444
11 4.18182 1.6
4 2.5 1
18 4.77778 3.05882
13 4 1.5
20 4.6 1.78947
7 3.71429 1.33333
11 4.54545 1.7
11 4.54545 2.2
3 2 1
7 3.42857 1.33333
8 3.25 1.28571
3 2 1
10 4.4 1.88889
15 5.2 2.07143
52 6 3.11765
9 4.22222 1.75
59 5.62712 3.94828
30 4.93333 2.41379
20 5.6 2.36842
20 4.9 2.26316
11 4.18182 1.8
18 4.33333 1.58824
31 5.03226 1.9
31 4.90323 1.93333
13 4.76923 1.91667
49 4.85714 2.10417
14 4.57143 1.84615
40 5.15 2.71795
10 4.2 1.44444
5 3.2 1.25
6 3.33333 1.2
19 4.94737 2.72222
20 4.9 1.89474
13 4.61538 1.83333
42 5.7619 3.4878
14 4.71429 1.69231
9 4 1.375
21 5.14286 1.95
23 4.95652 2.40909
41 4.87805 2.125
50 5.36 2.36735
11 4 1.6
10 4 1.77778
21 4.57143 1.65
20 4.3 2
23 4.69565 1.81818
35 5.08571 2.20588
25 5.12 3.16667
26 4.76923 1.88
15 4.26667 1.71429
13 4 1.75
27 5.03704 2
38 5.68421 2.78378
44 5.18182 2.51163
11 4.90909 2.4
17 4.35294 1.5625
9 4.66667 1.75
11 4.54545 1.6
25 4.88 2.375
7 3.71429 1.5
7 3.42857 1.5
12 4.5 1.72727
13 4 1.5
17 5.17647 1.9375
31 7.16129 2.96667
46 5.82609 3.06667
18 4.33333 1.64706
8 4.75 2.71429
2 1 1
6 3.33333 1.2
35 5.54286 2.73529
61 5.5082 2.63333
6 3.66667 1.4
35 4.91429 2.82353
31 6 3.66667
7 3.42857 1.33333
20 4.8 2.05263
18 4.55556 2.11765
14 4.42857 1.53846
30 4.93333 3.17241
17 4.94118 2.25
16 4.75 1.66667
19 5.26316 2.44444
10 4.6 2.11111
49 4.97959 2.375
31 5.87097 2.63333
13 6 3
40 5.1 2.28205
34 4.88235 1.90909
22 5.54545 4.71429
12 4.33333 2
16 4.75 1.93333
14 4.42857 1.84615
17 4.58824 1.5625
22 5.09091 2.71429
28 5.14286 4.62963
24 4.91667 1.73913
47 5.14894 2.54348
22 4.63636 2.09524
33 4.72727 1.875
12 4.33333 2
8 3.5 1.14286
18 4.22222 1.64706
25 5.28 3.5
18 5.11111 2.52941
8 3.5 1.14286
4 3 1.33333
5 2.8 1
6 3.33333 1.6
14 4.42857 1.46154
2 1 1
28 5.92857 2.33333
17 5.64706 2.4375
61 5.18033 2.65
4 2.5 1.33333
38 5.63158 3.21622
31 4.83871 2.2
17 4.58824 2
7 3.71429 1.33333
12 4 1.27273
12 4.16667 1.54545
5 3.2 1.25
21 5.61905 2.6
13 4.15385 1.66667
6 3.66667 1.4
16 6.125 2.6
12 5.66667 2.18182
11 5.45455 2.3
16 3.875 1.2
3 2 1
8 3.25 1
13 3.84615 1.33333
14 4.85714 2.07692
15 4.4 1.78571
18 6.33333 2.64706
27 5.03704 2.30769
8 4 1.57143
11 4.36364 1.5
22 6.27273 2.66667
12 4.16667 1.72727
14 4.57143 1.53846
7 3.71429 1.33333
5 3.2 1.25
19 4.84211 1.88889
9 3.77778 1.25
4 2.5 1
28 5.5 3.81481
13 4.61538 1.58333
5 3.2 1.25
30 4.66667 2.75862
39 6.30769 4.10526
7 3.42857 1.16667
7 3.71429 1.33333
6 3.66667 1.4
32 6.125 3.48387
12 4.5 1.72727
10 4.6 1.88889
16 4.875 2.46667
2 1 1
10 4.2 1.44444
31 4.83871 2.06667
15 5.6 2.07143
5 4 1.75
11 5.09091 2
21 4.19048 2
26 4.84615 2.12
8 4 1.42857
9 4.88889 2
15 4.8 2.92857
5 2.8 1
16 5.875 2.46667
7 4.85714 2
14 4.71429 3.30769
26 4.38462 1.4
12 4.16667 1.81818
30 4.93333 2.51724
14 4.42857 1.69231
6 3.66667 1.4
11 3.81818 1.4
6 4 1.6
9 3.55556 1.125
8 3.5 1.14286
4 3 1.33333
2 1 1
8 3.5 1.42857
4 3 1.33333
2 1 1
2 1 1
9 4 2.125
24 5.25 1.86957
23 4.86957 2.40909
24 4.75 1.65217
29 5.37931 2.07143
11 6.36364 3.1
27 6.66667 2.73077
8 4 1.57143
23 5.30435 2.95455
3 2 1
2 1 1
3 2 1
45 5.46667 3.97727
8 3.5 1.28571
30 5.13333 2.41379
17 4.35294 2.3125
21 6 2.6
23 6.34783 2.63636
8 4.25 1.57143
22 5.36364 2.47619
21 4.47619 2.5
16 4.875 2.6
9 4.66667 1.75
11 4.18182 1.8
25 5.2 3.5
5 3.2 1.25
13 4.30769 1.83333
6 3.33333 1.4
39 5.53846 3
21 6.09524 2.65
7 3.71429 1.33333
21 4.7619 2.2
9 3.55556 1.5
10 3.8 1.44444
8 3.75 1.28571
14 4.28571 1.92308
5 2.8 1.25
23 4.17391 1.40909
15 4.8 1.78571
51 5.33333 2.82
9 3.77778 1.5
30 5.06667 2.03448
8 3.75 1.57143
17 5.17647 2.25
9 4.66667 2.875
29 5.44828 2.17857
19 4.52632 1.77778
41 5.07317 2.8
13 4.30769 1.75
88 5.75 3.71264
23 6.17391 2.86364
21 4.66667 1.85
14 4.71429 2.15385
20 4.9 2.15789
32 5.125 2.41935
43 5.5814 2.83333
27 5.11111 3.57692
48 4.91667 3.53191
14 5 2.15385
17 4.82353 2
16 5.75 2.4
21 4.95238 2.1
37 5.08108 2.08333
12 4.16667 1.54545
19 4.94737 2.83333
15 4.13333 1.57143
14 4.28571 1.53846
24 4.83333 2.30435
28 5.28571 2.81481
8 4.25 1.71429
25 5.44 3.70833
28 4.92857 3.85185
23 5.47826 2.18182
14 4.14286 1.69231
29 6.06897 3.25
21 6.19048 2.75
13 4.30769 1.66667
12 4.5 1.63636
10 4 1.66667
26 4.92308 1.88
11 4.90909 1.9
9 4 1.375
11 3.81818 1.8
4 2.5 1
8 3.75 1.71429
8 3.25 1
5 3.2 1.25
48 5.33333 2.85106
28 4.92857 2.7037
43 5.34884 2.95238
10 4 1.55556
3 2 1
15 4.4 1.64286
36 5.38889 2.08571
3 2 1
15 5.6 2.07143
5 2.8 1
8 3.5 1.57143
19 4.63158 2.61111
4 3 1.33333
10 4.2 1.66667
8 4.25 1.57143
18 4.33333 1.82353
5 2.8 1
19 4.63158 1.66667
16 4.375 1.8
14 5.28571 2.23077
10 4.2 1.66667
28 5.35714 2.85185
17 5.52941 2.0625
8 3.5 1.14286
5 3.2 1.25
11 4 1.9
9 3.77778 1.25
12 4.66667 1.63636
3 2 1
9 4 1.875
5 3.2 1.5
6 3.33333 1.2
14 4.28571 1.84615
11 5.81818 2.9
9 4 1.5
9 3.77778 1.25
35 4.8 2.17647
14 4.71429 2
27 4.22222 1.96154
21 5.42857 2.75
25 4.64 2.375
23 4.34783 1.86364
12 4.5 1.90909
10 4.2 1.55556
29 6.34483 3.07143
11 4.90909 2
5 3.2 1.25
14 4.71429 1.61538
16 5.375 2.2
5 3.2 1.5
6 4 1.8
17 4.82353 2.8125
18 4 2.17647
24 5.16667 2.26087
3 2 1
10 4.6 1.88889
26 5.07692 2.92
10 3.8 1.22222
9 4.66667 1.75
2 1 1
4 2.5 1
8 3.75 1.28571
10 4.6 2.77778
8 3.75 1.28571
5 2.8 1
8 3.25 1
2 1 1
5 2.8 1.25
6 3.33333 1.2
12 4 1.45455
5 3.2 1.25
25 5.04 1.91667
76 5.34211 3.86667
17 5.17647 2.0625
31 4.96774 2.03333
20 4.3 1.78947
34 5.70588 2.72727
28 4.92857 2.25926
12 4.16667 1.81818
10 4.4 1.55556
17 5.05882 2.125
13 4.61538 1.58333
38 5.05263 2.56757
27 4.74074 2
11 4 1.5
28 4.57143 2.33333
22 4.54545 1.57143
23 4.95652 2.18182
23 4.86957 2.27273
6 3 1
33 4.84848 2.28125
17 4.47059 2.0625
14 5.14286 1.92308
17 4.47059 1.6875
32 5.125 3.03226
13 4.46154 1.75
8 4 1.71429
10 4.2 2
20 4.7 1.63158
12 4.33333 1.54545
19 4.21053 1.44444
18 4.77778 1.76471
12 4.5 1.54545
19 5.26316 2.61111
14 4.71429 2.07692
12 3.83333 1.54545
38 5.36842 2.67568
13 4.15385 1.66667
28 4.71429 2.07407
21 4.95238 2.85
10 4.2 1.66667
31 6.19355 3.73333
8 4.75 2
8 3.75 1.28571
2 1 1
30 5.13333 2.2069
32 4.625 1.51613
65 5.23077 3.29688
64 5.90625 4.06349
3 2 1
6 4 1.6
10 4.8 1.77778
5 3.2 1.25
28 4.92857 2.66667
33 5.21212 2.15625
38 5.36842 2.43243
51 6.11765 3.66
18 4.77778 3.52941
15 4.93333 2.14286
3 2 1
5 3.2 1.25
7 3.42857 1.16667
8 3.75 1.28571
6 3.33333 1.2
13 4.30769 2
5 3.2 1.25
10 4.2 1.55556
29 4.48276 2
24 6.5 3.21739
16 4.125 1.4
14 6 2.76923
8 4.75 2.28571
8 4.25 1.57143
7 3.42857 1.16667
4 2.5 1
26 4.61538 1.76
19 4.31579 1.5
19 4.42105 1.83333
18 4.77778 1.82353
34 5.47059 2.30303
3 2 1
34 5.47059 2.75758
5 3.2 1.25
20 5 2.63158
14 4.28571 2.07692
12 4 2
14 4.28571 2
26 4.53846 1.76
4 2.5 1
30 5.46667 2.41379
28 4.57143 1.66667
47 5.57447 2.32609
22 9.90909 6.42857
27 5.48148 2.53846
17 4.82353 1.75
26 5.07692 2.2
19 5.15789 2.66667
26 5.38462 2.16
33 5.45455 2.84375
26 4.30769 1.84
47 5.53191 3.15217
13 4.15385 1.5
34 5 2.30303
7 3.42857 1.16667
7 3.42857 1.33333
7 3.42857 1.33333
2 1 1
4 2.5 1
11 5.09091 2
9 3.33333 1.375
10 3.8 1.22222
10 3.8 1.44444
32 5.5625 3.25806
7 3.42857 1.33333
48 5.66667 2.2766
24 4.25 1.73913
27 5.33333 2.46154
12 5.33333 3.09091
54 4.88889 2.0566
9 4.66667 2.125
12 4 1.27273
13 4.92308 1.75
17 5.64706 3
19 4.63158 2
9 3.55556 1.125
49 5.42857 2.20833
31 5.22581 2.46667
34 4.82353 1.72727
15 4.66667 2.14286
34 5 2.42424
23 5.3913 1.90909
24 5.75 2.65217
8 3.5 1.28571
14 4.28571 1.84615
9 3.55556 1.375
2 1 1
28 4.35714 1.7037
23 4.52174 1.77273
44 5.36364 2.74419
92 5.26087 2.81319
40 5.1 3.53846
40 5.2 2.38462
55 6.07273 3.11111
62 5.09677 3.62295
36 4.72222 2
57 5.50877 3.71429
7 3.42857 1.16667
9 3.77778 1.25
7 3.42857 1.33333
14 4.42857 1.46154
2 1 1
29 4.62069 1.82143
44 5.18182 2.30233
33 5.15152 3.0625
25 5.76 3.04167
30 4.86667 1.89655
53 5.39623 2.84615
6 4 2
56 6.25 4.25455
55 5.23636 3.68519
12 4 1.45455
30 4.93333 2.13793
2 1 1
5 3.2 1.25
8 4 1.85714
2 1 1
59 5.59322 2.48276
60 5.33333 2.54237
47 5.3617 4.02174
46 5.65217 2.4
29 4.55172 2.25
24 5.83333 2.73913
35 5.25714 3.05882
13 4.30769 1.91667
9 3.55556 1.375
17 5.05882 2.375
2 1 1
49 5.38776 2.47917
25 5.2 2.04167
31 5.80645 3.4
13 4 1.33333
29 4.68966 2.28571
14 4 1.30769
48 6.08333 2.95745
5 2.8 1
5 2.8 1.25
2 1 1
6 3 1
21 4.7619 2.1
13 4.15385 1.5
32 4.875 2.06452
18 4.77778 1.64706
47 5.61702 2.63043
37 5.67568 2.61111
36 5.72222 3.25714
16 5 2.2
30 5.53333 2.13793
42 5.14286 3.68293
8 3.75 1.85714
4 2.5 1
11 4.54545 2.1
18 4.55556 3
19 4.31579 1.61111
5 3.2 1.25
10 4 1.77778
32 6.375 3.51613
13 4.30769 1.5
20 6.1 3.52632
33 4.9697 2.15625
30 5.06667 2.37931
2 1 1
13 4.30769 1.66667
29 5.10345 2.64286
33 5.27273 2.5625
9 3.55556 1.25
4 2.5 1
6 3.33333 1.2
7 3.14286 1.16667
15 4.4 2
9 5.55556 3.125
29 5.58621 2.85714
9 3.77778 1.5
8 4.25 1.85714
12 4.66667 2
21 4.85714 2.05
4 3 1.33333
41 4.58537 1.875
20 4.3 1.31579
23 4.86957 1.81818
29 5.93103 2.92857
15 4.4 2
5 3.2 1.25
29 4.55172 1.78571
26 4.53846 1.48
28 5.85714 2.74074
33 5.81818 3.34375
32 5 1.93548
12 4.33333 2.27273
11 5.09091 2.1
49 5.87755 2.83333
21 4.66667 1.7
17 4 1.375
22 4.90909 2.95238
9 4.22222 1.5
15 3.86667 1.71429
11 5.27273 2.9
47 5.91489 3.3913
38 4.89474 1.78378
8 3.5 1.28571
19 4.31579 1.94444
43 4.37209 2
30 5 2.58621
20 6 2.78947
13 3.84615 1.25
8 4.25 1.85714
7 3.71429 1.33333
8 3.25 1
3 2 1
5 2.8 1.25
10 3.6 1.11111
2 1 1
48 5.33333 2.7234
13 4.30769 1.5
13 4 1.5
35 5.08571 3.05882
10 4 1.66667
25 6 3.04167
67 5.49254 4.12121
23 5.3913 2.77273
11 4.72727 2.1
23 5.21739 2.54545
42 4.90476 1.92683
14 4 1.46154
26 4.76923 2.6
32 4.75 2.90323
39 4.87179 2.44737
6 3.33333 1.2
8 4 1.42857
25 5.76 2.58333
14 3.85714 1.76923
29 4.82759 2
24 5.16667 2.04348
37 4.97297 2.30556
22 5.90909 3.7619
19 4.94737 2.33333
16 4.25 2.13333
27 4.74074 1.92308
18 4.55556 2.11765
42 5.33333 2.65854
5 3.2 1.75
11 5.45455 2.1
14 4.42857 1.53846
20 4.4 1.68421
15 4.13333 1.64286
6 3.33333 1.2
15 4.8 1.78571
4 2.5 1
3 2 1
11 3.81818 1.2
5 3.2 1.25
11 4.36364 1.7
21 5.61905 2.5
39 5.84615 3.76316
38 5.47368 2.78378
33 4.54545 1.90625
9 3.77778 1.25
16 4.75 2.06667
8 3.5 1.14286
12 4.5 2.09091
13 4.30769 1.83333
24 4.5 1.43478
14 4.28571 1.76923
45 5.37778 3.09091
36 4.77778 3.14286
11 4.72727 1.8
20 5 3
12 4.16667 1.54545
14 4.14286 1.30769
6 3.33333 1.2
8 3.75 1.28571
17 4.58824 2
2 1 1
13 4.46154 1.5
4 2.5 1.33333
38 5.26316 2.2973
21 4.19048 1.5
38 5.31579 2.89189
42 5.42857 2.87805
40 5.3 2.38462
32 5.625 2.51613
16 4.5 1.93333
19 4.52632 1.55556
42 4.95238 3.04878
28 4.35714 1.81481
32 4.9375 2.83871
26 5.07692 2.08
10 4 1.77778
9 4 1.875
21 5.2381 2.65
29 4.55172 1.53571
21 4.85714 2.25
2 1 1
4 2.5 1
21 5.04762 1.85
8 4.75 1.85714
32 5.5625 3.54839
13 5.53846 2.58333
10 3.8 1.44444
7 3.42857 1.33333
16 5.125 2.2
15 4.66667 1.64286
10 4 1.55556
17 4.82353 2
24 5 3.08696
11 3.81818 1.2
7 3.42857 1.33333
4 2.5 1
8 3.75 1.57143
14 4.28571 1.76923
2 1 1
13 4.46154 1.58333
20 5.4 2.52632
12 4.66667 1.63636
14 5.28571 1.92308
12 4.33333 1.54545
29 4.62069 2.5
9 4 1.75
28 4.92857 2.14815
9 3.77778 1.25
24 5 2.13043
24 4.33333 1.56522
12 4 1.45455
24 4.75 2.17391
8 4.25 1.57143
16 4.75 2.53333
31 5.6129 4.53333
28 5.07143 2.25926
39 5.02564 2.52632
4 2.5 1
14 4.28571 1.92308
6 4 2
42 5.19048 2.29268
2 1 1
15 4 1.42857
20 5 2.52632
34 5 3.09091
4 2.5 1.33333
2 1 1
26 4.53846 1.92
5 3.2 1.25
5 2.8 1.25
19 4.73684 2.33333
6 3.33333 1.2
7 3.42857 1.5
13 4 1.58333
5 3.2 1.25
2 1 1
41 4.87805 1.975
34 6.11765 3.84848
28 5.35714 2.2963
17 4.23529 1.8125
7 3.71429 1.33333
5 3.2 1.25
10 4.2 1.88889
5 2.8 1.25
9 4.22222 1.625
32 5.3125 2.29032
9 4.22222 1.5
10 3.8 1.55556
31 5.48387 2.76667
30 4.86667 2.31034
23 4.52174 1.59091
20 4.2 1.52632
26 4.84615 1.88
20 4.4 2
12 4.66667 1.72727
22 4.72727 1.80952
7 3.71429 1.66667
4 3 1.33333
12 3.83333 1.36364
2 1 1
10 5.4 2.55556
33 5.51515 2.875
21 4.7619 1.95
17 4 1.5
16 4.25 1.86667
40 5.55 2.76923
14 4 1.61538
29 4.82759 2.21429
27 5.55556 3.11538
17 4.58824 2.3125
6 3.33333 2
11 4.18182 2
2 1 1
10 3.6 2
20 4.9 2
29 5.10345 2.03571
11 4.72727 2.3
23 5.13043 2.18182
8 4 2.42857
26 5.38462 2.28
13 5.53846 2.41667
8 3.75 1.28571
36 5.11111 2.37143
8 3.5 1.14286
14 4.28571 2
12 4.16667 1.63636
8 4 1.42857
21 4.38095 1.7
13 4.46154 1.5
31 5.29032 2.26667
13 4.76923 2.41667
8 3.75 1.71429
13 4.46154 1.83333
25 4.72 1.95833
13 4.15385 1.33333
18 5.44444 2.17647
14 6.71429 3.15385
9 3.55556 1.125
4 3 1.33333
12 3.83333 1.36364
15 4.4 1.5
15 4.4 2
19 4.21053 1.77778
16 4.625 1.73333
16 4.75 2.33333
7 3.42857 1.16667
15 6.53333 2.78571
9 4.66667 1.75
21 5.2381 2.3
14 4.42857 1.76923
15 4.53333 2.14286
12 4.16667 1.45455
24 5.75 2.52174
14 6.42857 2.92308
10 3.8 1.22222
12 4 1.45455
11 4.72727 2.6
25 4.72 2.04167
14 4.14286 1.46154
10 5 1.88889
18 4.66667 2.41176
6 3 1
9 4.22222 2.125
7 3.42857 1.33333
7 3.14286 1
9 4.66667 1.75
5 3.2 1.25
9 4 1.375
8 4.25 1.57143
16 5.625 2.26667
20 4.8 1.84211
6 4 1.6
16 4.375 1.66667
6 4 1.6
7 3.42857 1.16667
15 4.4 1.64286
8 3.75 1.28571
15 5.2 2.64286
6 3.33333 1.2
10 5.2 2.11111
12 3.83333 1.54545
13 4.76923 1.83333
6 3.33333 1.2
8 3.5 1.28571
13 4 1.25
8 3.75 1.28571
2 1 1
5 3.2 1.25
22 4.54545 1.85714
30 4.86667 2.03448
9 4.22222 1.5
12 4.5 2.18182
9 4.22222 1.625
27 4.2963 1.73077
9 4 1.5
16 4.75 1.86667
17 5.29412 3.375
23 5.47826 2.36364
36 5.05556 2.31429
13 4.15385 1.66667
13 4.15385 1.66667
91 6.96703 8.03333
19 4.21053 1.44444
8 3.75 1.85714
2 1 1
7 3.14286 1
2 1 1
8 4 1.42857
2 1 1
9 4 1.375
20 4.5 2.31579
49 4.73469 1.9375
38 5.15789 1.91892
2 1 1
29 4.34483 1.5
44 5.27273 2.5814
17 4.35294 1.5
23 4.69565 1.54545
11 4.18182 1.9
37 4.86486 2
3 2 1
13 4.61538 2.08333
2 1 1
33 4.72727 2.53125
7 3.42857 1.66667
11 4.36364 1.8
18 4.55556 2.29412
13 4.46154 1.83333
2 1 1
5 3.2 1.5
12 5.16667 2.18182
16 4.125 1.93333
4 2.5 1
15 4.93333 2.07143
5 2.8 1
12 4 1.54545
10 3.8 1.33333
35 6.68571 5.64706
23 5.3913 3
8 3.75 1.42857
32 4.875 2.32258
4 2.5 1
25 4.64 2
13 4.30769 1.41667
4 2.5 1
16 4.375 1.6
12 3.83333 1.27273
20 4.5 1.68421
11 4.54545 2
19 4.52632 2.05556
12 4.83333 1.81818
13 4.61538 2.08333
10 3.8 1.22222
8 3.75 1.28571
8 3.5 1.28571
12 4.33333 1.45455
42 5.09524 2.56098
4 3 1.33333
14 4.14286 1.53846
2 1 1
20 4.8 2.52632
11 3.63636 1.1
28 5.07143 2.25926
17 4.23529 2.25
20 4.9 1.94737
5 2.8 1
9 5.55556 3.125
16 4.375 1.6
16 4.625 1.73333
13 4.61538 3.08333
15 4.53333 1.57143
22 4.63636 1.61905
16 5.125 2
10 4.4 1.66667
13 4.61538 1.91667
14 4.14286 1.53846
16 4.25 1.33333
9 4 1.375
13 4 1.66667
16 4.375 1.66667
22 4.45455 1.95238
8 4.25 1.85714
33 4.78788 2.65625
24 5.66667 2.69565
3 2 1
16 4.375 1.6
8 4 1.42857
3 2 1
14 4.57143 1.84615
16 4.375 2
7 3.14286 1.33333
26 5.46154 2.28
11 4.36364 1.5
15 5.06667 1.78571
13 4.61538 2.66667
40 5.55 2.5641
2 1 1
22 4.90909 2.71429
28 5.78571 4.48148
12 4.5 2.27273
5 3.2 1.25
16 4 1.2
40 5.15 2.20513
5 2.8 1
31 4.96774 2.13333
10 3.8 1.66667
19 4.42105 1.66667
4 2.5 1.33333
8 3.5 1.28571
24 5.58333 2.3913
18 5.11111 1.88235
24 5.41667 2.21739
38 5 2.35135
14 4.14286 1.38462
28 5.5 2.33333
15 4.4 1.5
36 5.83333 3.28571
28 4.85714 2.48148
15 5.33333 2.21429
20 5.7 2.68421
18 4.66667 2.11765
4 3 1.33333
22 4.72727 1.85714
17 4.70588 1.625
23 4.34783 1.68182
9 3.77778 1.5
11 4.36364 1.8
33 5.33333 2.125
9 4 2.25
24 4.58333 1.86957
25 4.88 2.66667
36 6.05556 2.8
15 4.93333 2.28571
47 5.2766 3.47826
39 5.58974 2.31579
13 4.61538 1.66667
27 4.96296 2.11538
18 5.66667 2.70588
17 4.47059 1.875
9 4.22222 1.5
8 4.75 1.85714
26 5.38462 2.16
11 3.81818 1.5
13 4.15385 1.66667
7 4 1.66667
15 4.53333 2.64286
34 6.35294 3.24242
10 3.8 1.44444
17 4.58824 2.125
10 4 2.22222
53 8.11321 5.05769
46 5.34783 3.48889
40 5.75 3.4359
18 5.66667 2.29412
5 3.2 1.25
28 5 2.2963
15 4.93333 1.92857
16 4.625 2.53333
28 4.78571 2.22222
15 4.53333 1.71429
14 4.28571 1.84615
9 3.77778 2.75
18 4.22222 2
44 5.36364 3.09302
12 3.83333 1.27273
27 5.11111 1.80769
25 6 2.33333
33 5.51515 2.84375
17 4.47059 1.6875
7 3.42857 1.33333
17 4.35294 2.1875
43 5.81395 2.52381
26 5.30769 2.08
35 5.31429 2.94118
16 4.75 2.2
12 5.16667 1.90909
25 4.56 2.20833
35 6 2.85294
19 4.73684 1.61111
23 5.21739 2.22727
7 3.14286 1.5
15 4.13333 1.57143
6 3.33333 1.2
30 4.73333 2.62069
4 2.5 1
2 1 1
25 7.2 3.08333
24 5.16667 2.21739
21 4.28571 1.7
8 3.75 2.14286
33 5.33333 1.96875
61 5.11475 3.43333
9 4.22222 2.375
10 4 1.33333
9 4.66667 2.75
34 5.35294 2.06061
35 4.8 2.02941
75 5.57333 3.05405
10 3.8 1.22222
5 3.2 1.5
12 4.5 1.54545
33 6.06061 2.46875
17 4.35294 1.75
13 4.46154 1.75
24 4.58333 1.82609
19 5.15789 2.27778
20 6.7 3.57895
8 3.5 1.28571
7 3.42857 1.33333
35 5.31429 3.29412
39 6.20513 3.05263
25 5.04 2.125
32 5.0625 3.22581
2 1 1
9 3.77778 1.375
6 3.33333 1.2
9 3.55556 1.125
39 5.23077 2.21053
54 5.37037 2.15094
22 4.27273 1.47619
58 5.44828 2.77193
65 5.47692 2.42188
26 5 2.52
30 4.66667 1.89655
2 1 1
21 5.04762 2.05
6 3.33333 1.4
13 4.15385 1.5
24 4.33333 1.95652
17 4.58824 1.5625
16 4.75 2
31 4.77419 2.36667
24 4.83333 1.69565
37 4.81081 2.16667
38 5.21053 2.86486
55 5.12727 2.11111
36 5.11111 2.62857
42 4.85714 1.87805
36 5.11111 2
46 5.69565 3.73333
27 5.03704 2.34615
46 7.30435 3.73333
56 5.42857 2.2
29 4.55172 1.64286
51 6.5098 3.54
46 5.73913 3.24444
46 5.21739 2.86667
46 4.91304 2.24444
40 5.05 2.17949
13 4.46154 1.66667
27 4.88889 2.23077
21 5.04762 2.1
14 4.28571 1.61538
22 4.45455 1.71429
19 4.63158 2.22222
45 6.62222 3.18182
28 4.57143 1.7037
8 3.5 1.28571
24 4.83333 1.82609
21 5.71429 3.3
41 5.21951 2.025
46 5.34783 4.02222
27 4.74074 2.5
25 4.72 1.79167
37 7.56757 3.63889
15 4.8 1.78571
3 2 1
8 3.75 1.28571
8 3.75 1.28571
2 1 1
9 3.55556 1.125
20 4.9 1.73684
51 5.4902 2.86
24 5.08333 2.17391
12 4.16667 1.72727
28 4.92857 2.22222
32 5.375 2.29032
21 4.57143 1.85
7 3.71429 1.5
45 5.55556 2.95455
55 5.2 4.2037
18 4.44444 1.88235
14 4.71429 2.23077
40 5.45 2.74359
3 2 1
15 4.13333 2.21429
3 2 1
24 4.83333 2.6087
15 4.13333 1.64286
24 4.33333 1.69565
8 4.75 2.71429
22 4.72727 2.14286
35 4.74286 2.44118
10 4 1.55556
31 5.09677 3.96667
14 4.42857 1.46154
7 3.71429 1.33333
15 5.2 2
29 4.96552 2.21429
12 4.16667 1.63636
37 5.08108 2.88889
2 1 1
8 3.5 1.28571
12 5.16667 1.90909
16 4 1.46667
27 5.18519 2.15385
38 5.36842 3.05405
6 3.66667 1.4
4 2.5 1.33333
10 4 1.44444
25 4.72 1.70833
14 4.28571 1.53846
43 7.90698 4.2381
14 4.57143 2.15385
64 5.53125 2.53968
15 4.93333 1.71429
42 4.95238 2.34146
36 4.66667 1.74286
38 5.68421 2.24324
11 4.18182 1.8
6 3.66667 1.4
11 4.36364 1.9
15 4.26667 1.5
18 4.44444 1.76471
33 5.15152 2.15625
5 3.2 1.25
23 4.86957 1.90909
16 5.125 2.06667
26 6.61538 3.72
47 5.78723 3.73913
20 5.4 2.21053
40 5.3 3.51282
31 5.22581 2.13333
36 5 2.2
6 3.33333 1.4
38 5.89474 4.56757
13 3.84615 1.33333
23 6.26087 3.72727
17 5.88235 2.5625
11 4.18182 2.1
9 4.22222 1.5
9 3.77778 1.25
28 5.21429 2.48148
50 4.96 2.12245
30 4.6 2.51724
10 3.8 1.22222
11 4.54545 1.7
2 1 1
23 5.04348 2.59091
29 9.37931 5.96429
36 5 2.42857
24 4.5 2.17391
19 4.52632 1.83333
6 3.33333 1.6
50 5.04 2.34694
2 1 1
2 1 1
6 3.33333 1.2
6 3.33333 1.4
8 3.5 1.14286
5 2.8 1
2 1 1
27 5.03704 2.34615
19 5.78947 2.44444
9 3.77778 1.5
10 4.6 1.88889
34 5.41176 3.51515
18 4.44444 1.88235
13 4.61538 1.75
24 5.91667 2.21739
21 4.85714 2.2
14 4.57143 1.69231
8 4 1.42857
11 4 1.3
19 4.84211 1.83333
9 3.77778 1.25
16 4.875 2.4
8 3.5 1.14286
9 3.77778 1.25
11 4.18182 1.8
6 3 1.4
31 5.16129 2.83333
34 5 2.0303
38 4.84211 2.48649
7 3.14286 1.33333
29 4.48276 1.89286
46 5.04348 2.15556
2 1 1
22 4.90909 2.71429
10 4.2 1.44444
3 2 1
14 4.85714 2.15385
18 5 2.05882
6 3 1
5 2.8 1.25
6 3.33333 1.2
13 3.84615 1.16667
20 5.2 2.42105
21 5.04762 2.5
26 5.76923 3.36
21 5.42857 3.1
17 4.82353 1.625
21 5.2381 2.25
17 6 2.375
10 4 1.55556
72 6.02778 3.15493
14 4.71429 2
35 6.34286 3.20588
9 4.22222 1.5
15 4.13333 1.28571
20 5 1.89474
10 4 1.44444
14 4.57143 1.76923
18 5.44444 2.05882
9 4 1.375
44 5.72727 3
13 3.69231 1.66667
3 2 1
9 3.77778 1.5
18 6.77778 3.29412
13 4 1.58333
15 7.73333 3.35714
8 4.75 2
47 5.44681 3.08696
13 4.61538 1.91667
18 7 3.11765
17 4.94118 2.1875
49 4.97959 2.04167
5 3.2 1.25
17 4.47059 1.6875
16 5.5 3.2
35 4.74286 3.64706
7 3.71429 1.33333
14 5 2.23077
11 4.18182 1.8
23 5.04348 2.5
47 5.65957 2.73913
10 4.2 1.66667
6 3.33333 1.2
18 4.33333 1.58824
7 4 1.5
23 5.56522 3.72727
14 5.28571 2.69231
23 4.69565 1.81818
9 3.33333 1
33 4.84848 2.34375
17 4.47059 1.625
20 5.2 2.31579
3 2 1
16 4.875 1.73333
10 4 1.44444
17 5.76471 2.625
13 5.07692 2.16667
2 1 1
5 3.2 1.25
6 3.66667 1.4
6 3.33333 1.2
2 1 1
5 2.8 1.25
5 2.8 1
13 6 2.58333
9 3.77778 2
15 4.8 1.85714
6 3 1
19 4.42105 1.83333
10 4.4 1.66667
17 4.58824 2.25
18 4.11111 2.11765
16 4.25 1.53333
10 4.4 1.88889
28 4.78571 2.2963
25 4.8 1.875
35 4.97143 2.17647
7 3.71429 1.33333
8 4.25 1.57143
5 3.2 1.5
15 4.8 1.92857
18 4.11111 1.29412
39 4.82051 2.13158
21 4.66667 2.1
33 4.90909 1.84375
8 3.75 1.42857
16 4 1.66667
32 4.875 2.6129
17 5.05882 2.3125
10 4.2 1.66667
23 5.04348 2
9 3.77778 1.75
23 4.69565 2.72727
19 5.36842 2.55556
7 3.42857 1.16667
5 4 1.75
6 3 1
6 3.33333 1.2
13 5.07692 2.83333
9 3.55556 1.25
6 3.66667 1.4
16 4.125 1.53333
10 3.8 1.44444
18 5.33333 2.29412
14 4.14286 1.53846
15 4.53333 1.85714
8 3.75 1.28571
4 2.5 1
12 4.5 2
12 4.33333 1.90909
20 4.3 1.52632
7 3.42857 1.16667
6 3 1.4
5 3.2 1.25
14 4.85714 2.23077
37 5.51351 2.94444
9 4.22222 1.625
8 3.75 1.57143
12 4.33333 1.54545
3 2 1
10 4 1.55556
5 3.2 1.5
17 4.94118 2.0625
21 4.19048 1.8
15 4.53333 2.14286
35 5.48571 2.73529
6 3 1.4
19 4.31579 1.83333
27 5.33333 2.61538
26 5 1.8
21 4.57143 1.6
35 5.54286 3.5
46 5.6087 4.64444
19 4.84211 1.72222
11 4.36364 1.5
34 4.88235 1.84848
14 4.57143 2.07692
6 3.33333 1.2
5 2.8 1
5 2.8 1.25
16 4.125 1.73333
22 4.36364 1.90476
37 4.81081 2.02778
56 5.35714 3.23636
34 5.35294 3.21212
42 5.09524 3.04878
99 5.15152 3.93878
2 1 1
3 2 1
9 3.55556 1.125
4 2.5 1
4 2.5 1
36 5.11111 2.14286
37 5.02703 2.44444
17 4.47059 2.25
12 4.5 1.72727
14 4.14286 1.46154
2 1 1
2 1 1
4 2.5 1
12 4.16667 1.45455
21 4.38095 1.8
32 4.4375 1.80645
20 6 2.21053
24 5.91667 3.47826
19 4.94737 2.05556
2 1 1
8 3.5 1.28571
9 4 1.75
35 5.2 2.23529
43 5.2093 3.14286
20 4.5 1.73684
15 4.66667 1.57143
11 4.54545 1.8
15 4.13333 1.57143
19 4.73684 1.61111
18 4.88889 1.70588
2 1 1
3 2 1
3 2 1
5 2.8 1
63 5.65079 3.96774
42 5.38095 2.46341
21 4.66667 2.4
2 1 1
70 5.25714 4.10145
20 5 1.94737
57 5.75439 2.89286
2 1 1
37 4.86486 2.22222
16 4.25 1.53333
7 4.28571 1.66667
53 5.09434 2.25
9 3.77778 1.25
33 5.15152 2.125
20 4.2 1.84211
3 2 1
8 4.25 1.57143
16 4.25 1.73333
40 5.35 2.66667
37 5.24324 3
20 4.4 2.36842
54 6.51852 3.32075
10 4.8 1.77778
27 4.96296 2.26923
11 4.18182 1.6
58 5.44828 3.2807
42 5.14286 3.26829
17 4.58824 2.125
14 4 1.84615
36 4.94444 1.8
22 5.09091 1.95238
32 5.4375 2.77419
21 4.38095 1.65
12 5 2.09091
18 4.55556 1.76471
5 3.2 1.25
44 5.18182 3.34884
56 5.57143 2.70909
13 4.76923 1.75
16 4.625 1.6
6 3 1.4
16 5.75 2.46667
3 2 1.5
2 1 1
13 4.15385 1.5
36 5.11111 2.54286
6 3 1.2
21 4.7619 1.95
10 4 1.33333
20 4.7 3
3 2 1
14 5.85714 2.69231
32 4.375 1.74194
21 5.80952 3
24 4.58333 2
31 5.22581 3.06667
32 5.1875 2.41935
15 4.66667 2.14286
18 4.77778 2.58824
44 5.95455 3.95349
18 4.44444 2.05882
14 4.57143 1.76923
27 4.96296 1.96154
9 3.55556 1.125
14 4.57143 1.76923
14 5.42857 2.53846
16 5.625 2.46667
14 4.71429 2
9 4 1.5
11 4.18182 1.8
5 3.2 1.5
7 3.14286 1.33333
19 4.31579 1.66667
42 5 2.19512
11 4.18182 1.6
12 4.5 1.81818
8 3.75 1.28571
14 4 1.92308
5 2.8 1.25
7 4 2
3 2 1.5
2 1 1
4 2.5 1
33 5.93939 2.75
37 5.2973 3.22222
29 5.44828 2.46429
10 3.8 1.33333
12 4.33333 2.45455
9 3.55556 1.625
40 5.45 2.76923
28 5.21429 2.44444
9 4.66667 2
7 3.42857 1.16667
39 5.79487 3.42105
47 5.44681 2
25 5.36 2.45833
5 3.2 1.25
9 4 1.375
56 4.96429 4.21818
10 4.2 1.44444
17 5.17647 2.625
30 5.73333 2.41379
15 5.06667 2.21429
9 4.22222 1.5
11 4 1.5
32 4.8125 2.80645
46 5.17391 2.84444
13 4.15385 1.5
10 4.8 1.88889
42 5.95238 2.92683
38 5 2.83784
18 4.88889 1.76471
43 5.76744 2.83333
16 6 4.06667
14 4 1.53846
63 4.95238 2.19355
29 4.62069 2.25
36 5.88889 3.57143
22 4.36364 2.61905
38 5.52632 3.02703
15 4.93333 1.78571
37 5.35135 2.16667
3 2 1
10 4.4 1.55556
12 6 3.90909
6 3.33333 1.4
16 4.375 1.6
11 5.27273 3.6
18 4.77778 1.70588
15 5.2 1.92857
27 5.40741 2
29 4.89655 1.75
17 4.70588 1.5625
35 5.08571 2.38235
7 3.14286 1
13 4.30769 1.83333
9 4.22222 2
24 5.16667 1.82609
5 2.8 1
12 4.66667 1.81818
18 4.33333 1.88235
20 4.7 1.78947
7 4 1.83333
15 4.8 1.85714
25 5.44 3.16667
28 4.71429 3.11111
15 4.8 2.14286
17 6 2.625
50 5.2 2.83673
13 6.30769 2.91667
14 4.85714 2.15385
25 5.68 2.29167
10 3.8 2.22222
8 3.75 1.28571
34 4.76471 2.15152
29 4.89655 2.67857
15 4.8 2
15 4.66667 2.5
28 4.92857 2.2963
16 4.5 1.93333
31 4.64516 2.63333
17 4.70588 1.875
14 4.42857 1.92308
12 4.33333 1.54545
20 4.5 1.57895
14 4.14286 1.46154
13 6 2.83333
6 3.66667 1.4
5 3.2 1.25
4 2.5 1
2 1 1
24 4.58333 2.52174
30 5.2 2.27586
27 4.96296 2.5
16 5.75 2.4
7 3.42857 1.5
44 5.63636 4.48837
29 5.58621 3.42857
19 5.15789 3.27778
11 4.18182 1.6
13 4 1.25
28 4.64286 2.66667
8 3.75 1.28571
6 4 1.6
8 3.75 1.42857
2 1 1
16 5.75 2.73333
28 5.07143 2.85185
36 5.38889 2.17143
7 3.42857 1.16667
27 4.44444 1.76923
29 6.48276 3.92857
4 2.5 1
14 4.14286 1.53846
8 3.5 1.28571
9 4.22222 1.5
7 3.71429 1.66667
4 2.5 1
8 4.25 1.57143
2 1 1
20 4.8 1.94737
35 4.74286 1.79412
22 4.81818 1.61905
42 5.28571 2.53659
26 5 1.76
59 5.49153 2.98276
28 4.64286 1.66667
5 2.8 1
5 3.2 1.25
28 5.07143 2.07407
29 4.82759 1.96429
2 1 1
3 2 1.5
2 1 1
20 4.4 1.84211
19 4.52632 1.72222
39 5.94872 2.34211
15 5.33333 2.21429
9 4.66667 1.75
55 5.34545 2.16667
21 5.04762 1.9
8 4 1.42857
25 4.64 1.91667
7 3.71429 1.33333
11 4 1.4
20 4.6 2.36842
7 3.71429 1.33333
29 4.89655 2.14286
14 4.14286 1.30769
35 4.8 1.97059
38 7.42105 4.32432
25 4.88 2
17 3.88235 1.375
13 4.46154 2.41667
11 4 1.4
31 5.54839 2.8
13 6 2.33333
18 5.55556 4
5 3.2 1.25
14 5.28571 2.38462
12 4.16667 1.36364
23 5.04348 2.5
23 5.30435 2.72727
23 5.13043 2.86364
34 4.82353 1.87879
4 2.5 1
9 4.22222 1.5
28 4.85714 1.92593
11 3.81818 1.5
5 3.2 1.25
22 4.54545 1.71429
14 4.57143 2.30769
9 4.66667 1.875
51 5.72549 3.12
21 5.71429 2.95
18 4.55556 2.88235
18 4.55556 1.82353
18 6.44444 4.70588
12 4.16667 1.54545
29 5.03448 2.89286
6 3 1.4
21 4.95238 2.1
9 4.66667 1.75
13 5.07692 2.16667
5 3.2 1.25
67 5.91045 3.07576
14 4 1.53846
17 6.23529 2.4375
13 4.30769 1.5
6 3 1
3 2 1
6 3.33333 1.2
8 3.5 1.14286
4 2.5 1
9 4.22222 1.75
15 4.26667 1.64286
31 4.77419 1.96667
8 4 1.85714
38 5.52632 4.32432
29 4.89655 2.28571
33 6 4.78125
20 4.5 2.10526
19 4.31579 2
31 4.83871 2.03333
32 5.125 2.80645
3 2 1.5
5 2.8 1
5 2.8 1.5
5 3.2 1.5
5 3.2 1.25
4 2.5 1
4 2.5 1
4 2.5 1
5 2.8 1.25
6 3.33333 1.4
3 2 1.5
2 1 1
12 5 2.09091
17 4.58824 2.1875
37 5.08108 2
41 5.31707 2.475
32 5.625 2.87097
20 5.7 2.57895
20 4.6 2.10526
8 4.75 2
12 4.5 1.72727
9 4 1.5
13 4.76923 2
6 3.66667 1.4
7 3.42857 1.16667
8 4 1.42857
4 2.5 1
14 4.42857 1.84615
46 5.56522 2.68889
42 5 2.19512
25 4.72 2.29167
34 5.41176 2.12121
13 4 1.58333
16 5 3.06667
25 4.48 1.91667
11 4 1.4
7 3.42857 1.33333
18 5.11111 1.82353
34 5.35294 2.33333
19 4.42105 1.88889
15 5.86667 2.21429
9 4.22222 1.75
15 4.8 2.5
5 3.2 1.5
13 3.84615 1.16667
20 5.1 2.47368
13 4.61538 2.16667
7 3.42857 1.16667
10 3.6 1.11111
12 4.5 1.81818
4 2.5 1
12 4 2
10 3.8 1.44444
5 2.8 1.25
11 3.81818 1.4
4 2.5 1
7 3.71429 1.33333
2 1 1
23 4.6087 2.63636
19 4.52632 1.77778
26 4.53846 1.88
28 5.64286 2.81481
12 4.33333 1.54545
21 4.66667 2.3
16 4.625 1.86667
13 4.46154 1.75
7 3.42857 1.66667
16 6.375 3.53333
17 5.05882 2.25
33 4.90909 2.65625
8 3.75 1.28571
10 4.2 1.66667
27 4.51852 1.73077
8 4 1.57143
32 5.125 3.22581
8 4.75 1.85714
24 4.83333 2.21739
18 4.55556 1.70588
34 5.64706 2.27273
10 4.4 1.77778
17 5.17647 2
8 4 1.57143
19 4.63158 2.27778
24 5.41667 2.17391
30 5 2.37931
13 4.92308 2.41667
21 4.57143 2
26 6.30769 2.4
25 5.68 2.16667
36 5.72222 3.05714
24 5.16667 2.43478
37 5.51351 2.25
21 4.95238 2.6
25 6.32 3.375
20 5.6 2.36842
21 4.66667 2.2
17 6.11765 2.8125
5 2.8 1.25
5 3.2 1.25
10 4.6 2.11111
2 1 1
5 2.8 1
6 3.33333 1.2
16 4.5 2.33333
38 4.73684 1.91892
21 4.57143 1.9
62 6.45161 3.52459
28 4.78571 1.88889
11 4.72727 2
31 4.64516 2.36667
38 5.21053 2.21622
11 3.81818 1.6
5 3.2 1.25
2 1 1
33 4.9697 2.125
10 4 1.33333
4 2.5 1.33333
18 3.88889 1.52941
9 3.55556 1.5
8 3.5 1.42857
7 3.42857 1.33333
16 3.875 1.66667
15 4.53333 2.5
18 4.33333 2.23529
8 4 1.57143
2 1 1
18 5 2
31 6.12903 3.03333
42 5.80952 3.5122
27 4.74074 1.76923
3 2 1
15 3.73333 1.64286
8 3.5 1.28571
6 3.33333 1.6
8 3.5 1.14286
6 3.33333 1.2
42 6.71429 4.19512
67 5.40299 3.59091
49 5.46939 3.0625
12 4.33333 1.45455
48 4.83333 2.76596
7 3.42857 1.5
27 4.96296 2.15385
17 4.58824 1.6875
36 4.72222 2.48571
10 3.8 1.22222
34 4.76471 1.78788
22 5.18182 1.95238
15 4.4 2.07143
7 3.42857 1.33333
4 2.5 1
8 3.25 1
5 3.2 1.25
34 4.82353 2.06061
16 4.5 1.66667
26 6 3.56
21 4.7619 2.65
37 5.02703 2.61111
28 6.07143 3.74074
23 4.52174 2.09091
9 4.22222 1.75
2 1 1
3 2 1
3 2 1
3 2 1
3 2 1
3 2 1
3 2 1
3 2 1
3 2 1
8 4.25 2.14286
8 4.25 2.14286
7 4 2.16667
7 3.42857 1.16667
4 2.5 1
6 3 1.2
20 5 2.10526
7 3.14286 1.16667
26 4.46154 2.16
12 4.16667 1.63636
5 3.2 1.5
2 1 1
4 3 1.33333
16 4.5 1.46667
11 3.81818 1.3
2 1 1
7 3.14286 1.16667
7 3.42857 1.16667
2 1 1
39 4.82051 2.15789
25 5.04 2.45833
38 5.42105 2.37838
44 5.18182 2.74419
10 4.6 1.77778
22 4.63636 1.90476
12 5.5 2.45455
6 4 1.6
10 3.8 1.66667
29 4.82759 2.57143
16 5.125 1.86667
19 4.63158 1.77778
31 6.45161 3
11 4 2.2
9 3.77778 2.25
4 2.5 1
12 4 1.27273
5 3.2 1.25
6 3 1
17 4.35294 1.625
2 1 1
28 5.57143 2.7037
26 5.15385 2.28
14 4.57143 1.84615
21 4.28571 1.4
11 4.18182 1.5
9 4.66667 2.125
16 4.375 1.93333
12 4.66667 2.18182
20 4.5 1.63158
24 5.5 2.56522
26 5.15385 2.2
23 4.78261 2.36364
23 4.86957 2.18182
10 3.8 1.33333
20 4.4 1.68421
18 5.33333 2.11765
27 5.03704 4.38462
5 2.8 1
15 4.8 1.71429
15 4.53333 2.21429
29 5.86207 2.53571
31 5.74194 2.63333
11 3.81818 1.5
22 4.63636 1.7619
29 5.17241 2.89286
15 4.66667 1.71429
14 5 2.07692
13 4.15385 2.33333
43 5.53488 3.2619
19 4.94737 1.88889
16 4.25 1.4
25 5.36 2.25
28 4.5 2.48148
38 5.15789 1.94595
21 4.57143 2
11 4.18182 1.7
20 4.6 2.10526
16 4.625 1.93333
10 5.6 2.22222
25 5.28 2.75
10 4 1.77778
10 3.6 1.33333
3 2 1.5
2 1 1
21 4.47619 1.9
17 5.41176 2.375
15 4.53333 2.71429
33 5.33333 2.53125
25 5.12 2.20833
26 5.15385 2.96
22 4.90909 1.95238
33 5.33333 2.71875
13 5.23077 3
28 5.07143 3.44444
20 4.4 1.57895
13 3.84615 1.83333
17 4.58824 1.875
11 4.54545 1.7
18 4.77778 1.88235
19 4.94737 1.94444
21 4.85714 1.7
13 4.46154 1.75
31 5.16129 1.93333
44 5.40909 2.02326
37 4.59459 2.30556
15 4.26667 1.64286
43 5.06977 2.5
3 2 1
14 6.71429 3.23077
9 5.55556 2.875
9 3.77778 1.375
83 5.46988 2.5122
12 4.16667 1.63636
26 5 2.32
15 4.13333 1.57143
31 5.29032 1.96667
16 4.75 1.86667
15 4.53333 1.78571
10 3.8 1.44444
3 2 1
9 4 1.625
16 4.25 1.6
11 4.36364 1.7
49 4.89796 2.04167
29 4.96552 1.96429
21 5.04762 2.15
42 5.42857 2.68293
24 5.08333 2.6087
15 4.8 2.14286
37 5.51351 3.27778
14 4.57143 1.76923
16 5.25 2.66667
20 5 1.94737
13 4.61538 2.08333
43 5.16279 2.11905
16 4.25 1.4
11 3.81818 1.3
32 4.875 2.29032
17 4.23529 1.375
9 4.22222 1.625
27 4.74074 1.61538
43 4.55814 2
22 6 3.28571
39 5.33333 2.18421
54 5.03704 3.18868
16 4.25 1.93333
9 3.77778 1.25
13 4.15385 1.41667
4 2.5 1
61 5.5082 3.15
7 3.42857 1.83333
36 5.66667 3.65714
18 4.55556 1.70588
26 5.38462 2.48
13 4.15385 1.5
21 4.38095 1.85
11 3.81818 1.3
30 5.4 2.93103
46 4.95652 2.24444
35 4.85714 2
13 4.61538 2.41667
17 4.58824 1.75
22 4.72727 1.90476
28 5.07143 2.74074
4 2.5 1
6 3.33333 1.4
26 5.07692 2.24
26 4.46154 2.4
13 5.23077 2.41667
20 5 2.52632
19 4.52632 1.88889
9 3.55556 1.25
14 5 2.76923
6 3.33333 1.2
8 3.5 1.14286
18 4.77778 2.11765
33 4.78788 2.46875
61 5.18033 2.68333
45 5.11111 2.45455
22 4.81818 1.85714
15 4.13333 1.35714
16 4.625 1.8
18 4.44444 1.52941
27 5.48148 2.38462
27 5.03704 2.23077
34 4.94118 2.57576
14 4.57143 1.61538
9 3.77778 1.375
15 4.4 1.92857
17 4.23529 1.6875
16 4.5 1.6
22 5.27273 4
28 5.14286 2.18519
9 3.77778 1.5
2 1 1
15 4.26667 1.85714
11 4.36364 1.7
6 3.33333 1.6
21 4.95238 2.2
10 4.2 1.66667
11 5.09091 1.9
16 5.25 1.86667
20 5.2 2.15789
31 4.90323 4
10 4.6 1.88889
14 4.42857 1.46154
17 5.52941 2.3125
17 6.35294 2.8125
17 5.64706 2.9375
4 2.5 1
3 2 1
16 4.625 2.26667
7 4 1.5
10 5.4 2.22222
30 5.73333 3.17241
10 3.8 1.33333
16 4.75 1.86667
7 3.42857 1.33333
6 4 1.6
24 5 2.04348
10 4.2 1.88889
6 4 2.2
19 4.31579 1.77778
39 4.97436 2.02632
19 5.15789 2.55556
31 5.41935 2.5
26 5 1.88
31 4.96774 2.76667
32 5.0625 2.32258
9 3.77778 1.375
17 4.23529 1.625
9 4.88889 2
34 5.29412 2.90909
42 5 2.21951
2 1 1
8 3.5 1.14286
8 3.5 1.28571
7 3.71429 1.83333
14 4.57143 1.53846
3 2 1.5
2 1 1
15 4.13333 1.57143
34 5.11765 2.27273
10 4 1.77778
10 3.8 1.22222
8 4.75 1.85714
21 4.28571 1.75
7 3.71429 1.5
41 5.02439 2.05
24 4.75 1.95652
12 5 1.90909
8 4.75 1.85714
20 5.1 1.94737
35 4.74286 1.94118
37 4.48649 1.77778
27 4.59259 1.88462
15 4.66667 1.78571
14 5.28571 2.23077
11 4.72727 2
7 4 1.5
23 5.13043 2.27273
5 3.2 1.5
11 4.18182 1.5
19 6.10526 4.16667
4 2.5 1
4 2.5 1
14 4 1.30769
14 4 1.38462
21 4.85714 1.95
33 5.51515 3.4375
7 4.28571 2.33333
10 5.6 3.33333
27 4.51852 2.03846
15 4.13333 1.28571
24 4.58333 1.73913
32 5.3125 2.03226
23 4.69565 1.90909
17 4.47059 1.75
8 3.75 1.42857
37 5.24324 2.38889
29 4.96552 1.71429
11 4 1.4
10 3.8 1.44444
8 3.5 2
3 2 1
27 7.77778 4.46154
8 3.75 1.57143
5 3.2 1.25
13 4.61538 2.08333
9 4.22222 1.5
5 3.2 1.25
33 5.27273 2.8125
7 3.71429 1.5
15 4.53333 2.57143
15 4.4 1.71429
12 4.16667 2
25 5.68 3.66667
9 3.55556 1.125
25 5.28 4
23 4.52174 1.63636
3 2 1
9 3.77778 1.25
7 3.71429 1.5
9 3.55556 1.375
19 4.52632 1.61111
7 3.42857 1.16667
25 4.88 2.29167
28 4.92857 1.92593
13 4.15385 1.58333
23 4.78261 1.77273
26 4.92308 1.64
5 3.2 1.5
20 4.4 1.42105
29 6.75862 3.57143
19 4.21053 1.83333
9 3.55556 1.25
14 4.42857 1.46154
13 4.30769 1.41667
13 4 1.58333
16 4.25 1.46667
5 2.8 1
17 4 1.4375
9 4.22222 1.5
8 3.5 1.14286
6 3.66667 1.4
12 4.66667 1.63636
38 5 2.24324
52 5.57692 3.7451
16 4.375 1.86667
57 5.64912 3.25
17 4.70588 1.5625
20 4.7 2.94737
33 6.18182 3.34375
10 4 1.77778
11 6.36364 3.1
41 5.85366 3.825
23 5.04348 2.27273
22 5.81818 2.66667
21 5.14286 2.35
6 4 1.6
12 5 1.81818
12 4.33333 1.54545
13 4.61538 1.66667
18 4.11111 1.47059
9 4.22222 1.5
8 3.25 1
7 4.28571 1.66667
17 4 1.75
27 5.77778 3.76923
15 5.46667 2.14286
20 4.2 2
11 4.72727 1.7
15 4.4 1.64286
7 4.28571 1.66667
4 2.5 1
14 4 1.76923
28 5 3.22222
20 5.7 3.05263
7 4 1.5
4 2.5 1.33333
7 3.71429 1.33333
21 5.2381 2.2
24 4.58333 1.65217
18 4.66667 2.41176
18 4.33333 1.76471
8 3.75 1.28571
18 4.55556 1.76471
24 5.25 2.30435
15 4.66667 1.78571
34 4.76471 1.81818
2 1 1
3 2 1
13 4.76923 1.66667
18 5.11111 2.35294
24 4.5 2.13043
22 4.54545 1.80952
8 3.25 1
37 5.18919 2.44444
10 4 1.44444
20 4.3 1.42105
21 4.57143 2.1
26 4.53846 1.84
10 4.6 1.88889
17 4.23529 1.75
5 3.2 1.25
12 3.83333 1.36364
21 4.38095 2.1
9 3.55556 1.25
18 4.66667 2.05882
23 5.13043 2.22727
17 5.17647 2.625
30 5 2.10345
32 6.25 3.45161
16 4.25 1.46667
16 4.5 1.73333
39 5.17949 1.97368
23 5.47826 2.45455
17 5.88235 2.625
11 3.81818 1.6
18 4.55556 2.29412
15 4.8 1.85714
23 4.78261 2.36364
8 3.5 1.14286
11 4.54545 1.8
18 4.33333 2.17647
18 4.77778 1.64706
10 4.2 1.44444
5 3.2 1.5
21 4.66667 2.35
29 4.48276 2.25
16 4.75 1.93333
5 2.8 1
20 4.7 2.47368
13 4.30769 1.66667
8 3.5 1.28571
17 5.17647 3.5625
18 4.44444 1.64706
40 5.75 3.53846
51 5.68627 2.92
47 5.31915 2.63043
14 4.71429 2.38462
25 5.28 2.41667
31 4.96774 2.23333
24 5.25 2.95652
12 4 1.54545
46 6.17391 5.77778
18 5.11111 2.88235
38 5.42105 3.32432
34 4.64706 1.78788
51 5.80392 3.08
23 11.7391 6.27273
7 3.42857 1.5
16 4.75 2.06667
14 4.14286 1.61538
25 5.2 2
30 5.46667 3.44828
19 4.52632 2.27778
14 4.85714 1.92308
13 4.30769 2.25
37 5.02703 2.36111
39 4.66667 1.97368
14 4.85714 2
22 4.63636 1.85714
11 6.18182 2.7
38 5.68421 2.89189
32 5.4375 2.67742
12 5 2.36364
16 4.25 2.06667
17 4.47059 1.8125
13 4 1.5
4 2.5 1
8 3.5 1.28571
32 5.5625 4.64516
44 4.95455 2.04651
32 5.3125 2.58065
38 4.89474 2.37838
16 4.25 1.66667
19 4.52632 2.27778
19 6.31579 3
29 4.96552 1.78571
27 5.7037 2.96154
21 5.80952 2.8
14 4.42857 1.69231
27 4.96296 2.42308
23 5.73913 3.18182
29 5.37931 2.60714
21 4.66667 1.6
20 4.9 1.89474
20 4.2 1.73684
9 4 1.375
3 2 1
6 3.33333 1.2
3 2 1
6 3 1
18 4.88889 2.29412
25 4.88 2.08333
30 5.13333 2.17241
7 3.71429 1.5
5 2.8 1
37 4.54054 1.77778
28 5 2.88889
22 5.36364 2.04762
44 5.86364 5.37209
19 6.10526 3.5
11 4.36364 1.5
3 2 1
11 4.18182 1.4
19 5.05263 2.72222
41 4.92683 2.625
34 5.17647 3.69697
45 5.42222 2.18182
33 4.90909 2.65625
17 4.47059 1.5
23 5.21739 2.45455
20 5 2.10526
10 3.6 1.55556
3 2 1
19 4.73684 1.77778
22 4 1.38095
16 4.375 1.6
10 3.6 1.11111
21 4.7619 1.85
15 4.66667 2.28571
16 4.625 1.73333
28 5.5 2.22222
15 4.26667 2.07143
20 4.5 1.94737
19 5.15789 3.44444
18 4.44444 2.23529
4 2.5 1
14 4.42857 1.76923
7 3.14286 1
15 4.13333 1.64286
3 2 1
16 4.625 1.8
17 4.82353 2.125
16 5.5 2.2
11 4 1.3
33 5.0303 2
10 4.2 1.66667
22 6.09091 4.04762
23 4.17391 1.68182
11 3.81818 1.6
10 4.6 1.88889
10 3.6 1.11111
5 2.8 1
18 4.33333 1.94118
13 3.84615 1.5
16 5.375 2.73333
26 4.61538 2.68
27 4.37037 1.96154
20 5 2.36842
21 4.66667 2.1
11 4.54545 1.6
20 5.6 2
38 5.31579 3.56757
50 5.08 2.5102
24 4.41667 1.65217
56 5.28571 2.56364
24 4.75 1.91304
19 5.15789 2.72222
17 5.29412 2.5
7 3.42857 1.16667
16 4.375 1.8
6 3.33333 1.2
16 4.5 2
26 7 5.12
29 4.68966 1.96429
18 4.55556 1.64706
8 3.75 1.28571
23 5.13043 1.86364
15 4.26667 1.64286
9 4 1.375
25 6.8 5.41667
22 5 1.85714
17 5.05882 2.4375
13 4.30769 1.5
11 3.81818 1.3
27 4.81481 1.69231
40 4.95 2.05128
3 2 1
39 5.17949 2.5
10 4.6 1.77778
16 4.25 1.46667
22 4.54545 1.61905
13 4.46154 2
14 4.57143 1.69231
15 4.13333 1.5
5 2.8 1
7 3.71429 1.33333
26 5.38462 2.72
2 1 1
24 5.25 2.3913
26 4.76923 2.04
8 4 1.85714
7 3.42857 1.33333
16 4.375 1.86667
14 4.71429 1.92308
15 5.73333 2.78571
21 5.52381 2.4
14 4.57143 1.84615
9 3.77778 1.375
23 4.69565 1.86364
13 4 1.58333
30 5.13333 2.2069
8 3.5 1.14286
4 2.5 1
8 3.5 1.14286
29 5.24138 3.03571
36 4.94444 3.08571
18 4.22222 1.35294
20 5.1 1.84211
23 4.26087 1.45455
13 4.15385 1.5
29 4.68966 2.07143
50 5.04 5.55102
17 4.82353 2.1875
26 4.61538 1.96
12 4.66667 1.63636
21 4.66667 1.75
21 4.47619 1.85
21 4.95238 2.25
11 3.81818 1.2
34 4.64706 2.75758
27 4.81481 1.88462
9 3.55556 1.125
35 5.02857 2.64706
15 4.26667 1.78571
38 4.84211 2.86486
27 5.18519 3.03846
14 4.28571 1.61538
23 4.78261 1.77273
35 4.85714 1.91176
26 5 2.16
14 5.14286 2
21 6 2.4
33 6.78788 3.1875
6 3.33333 1.2
21 6.38095 3
24 5.41667 1.86957
21 4.85714 2.55
51 5.13725 2.26
4 2.5 1.33333
30 5.2 2.31034
21 4.7619 2.55
23 4.78261 2.40909
12 4.16667 1.54545
31 5.09677 1.96667
13 4.30769 1.58333
28 4.71429 2.48148
10 4.6 1.77778
14 5 1.84615
21 4.57143 1.55
32 4.875 2.87097
11 4.36364 1.9
9 3.55556 1.125
21 5.04762 2.15
36 5.61111 2.34286
31 5.09677 2.7
23 5.3913 2
16 4.375 1.66667
55 5.74545 4.40741
16 4.625 1.86667
15 4.93333 1.85714
14 4.85714 3.23077
21 4.95238 2.05
21 4.7619 1.75
12 4 1.72727
11 3.81818 1.7
27 5.25926 1.88462
41 4.68293 1.975
31 5.03226 3.2
26 5 1.84
28 4.85714 2.14815
30 5.26667 2.06897
109 6.82569 5.25
20 4.7 1.94737
22 4.90909 2
20 5.5 2
31 5.03226 1.93333
50 6.08 3.38776
29 5.58621 3.03571
23 5.21739 2.72727
18 5 1.94118
22 4.90909 2.66667
32 5.0625 2.96774
31 4.77419 2.36667
19 4.31579 1.72222
23 4.6087 2
40 5.4 3.79487
28 5 1.88889
33 4.78788 2.03125
20 4.6 2.05263
16 4.25 2.2
28 5.14286 2.07407
8 3.5 1.14286
24 4.75 1.82609
20 4.7 1.63158
26 4.92308 2.4
72 5.91667 3.40845
27 5.40741 2.65385
16 4.75 1.86667
16 4.75 2
35 5.31429 2.44118
5 3.2 1.25
22 4.54545 2.19048
25 4.72 2
21 4.28571 1.55
19 4.52632 2.27778
8 3.5 1.28571
26 4.76923 1.96
6 3 1
12 4.16667 2.09091
24 4.91667 2.65217
2 1 1
19 4.10526 2.05556
9 4.22222 1.5
8 3.5 1.28571
2 1 1
23 4.78261 2.13636
13 4 1.5
5 2.8 1
10 4.8 1.88889
5 3.2 1.5
2 1 1
16 4.5 1.6
19 4.52632 1.55556
2 1 1
25 5.36 2.58333
9 3.77778 1.5
8 3.75 2
2 1 1
14 4 1.61538
2 1 1
21 4.66667 2.45
4 2.5 1.33333
12 3.83333 1.63636
13 4.30769 2.08333
2 1 1
24 4.91667 2.08696
10 4.8 2
2 1 1
14 4 2.15385
14 4.28571 2
12 4.66667 1.81818
2 1 1
16 4 1.8
18 4.66667 2.41176
18 5.11111 2.35294
2 1 1
15 4.26667 1.92857
18 4.33333 2.11765
2 1 1
20 4.2 2
5 3.2 1.5
4 2.5 1
4 2.5 1
42 4.7619 2.14634
7 3.42857 1.16667
28 5.21429 2.2963
14 4.85714 2.23077
18 5.55556 2.76471
38 5 2.35135
67 5.04478 3.18182
26 4.53846 1.88
27 5.03704 1.92308
5 3.2 1.25
51 5.05882 2.62
8 4.25 1.71429
22 4.54545 1.95238
58 5.51724 2.47368
15 4.13333 1.64286
49 5.71429 2.9375
23 4.78261 2.04545
26 5.30769 3.12
17 5.52941 2.125
45 4.88889 1.90909
9 4.22222 1.625
16 4.25 1.53333
35 5.65714 3.26471
29 5.93103 2.71429
19 4.52632 1.5
27 4.74074 2.07692
52 5.76923 3.11765
39 5.02564 2.36842
26 4.76923 1.68
48 5.625 4.3617
27 5.48148 2.53846
14 5.28571 2.15385
32 5.3125 2.51613
60 5.26667 2.52542
22 5.09091 2.33333
6 3.66667 1.4
21 5.04762 1.8
20 5 1.78947
38 4.94737 1.81081
13 4.92308 2.58333
21 5.14286 2.9
24 5.08333 3.13043
34 4.70588 2
15 4.53333 1.5
17 4.35294 1.75
17 5.05882 2.125
35 5.2 1.94118
19 4.94737 1.88889
55 5.92727 3.87037
33 6.12121 3.125
13 4.30769 1.66667
36 5.83333 4.54286
14 4.28571 2.15385
15 4.26667 1.85714
22 4.90909 2.52381
7 3.71429 1.5
18 4.77778 1.70588
33 4.90909 2.25
25 4.56 1.95833
27 5.03704 2.80769
27 10.6667 5.69231
17 4.23529 1.5
36 4.83333 2.05714
26 4.84615 1.96
18 4.44444 1.88235
34 5.29412 2.30303
21 4.66667 2
30 5.26667 2.41379
11 4.18182 2
22 4.72727 1.57143
30 5.8 2.72414
18 5 2.64706
3 2 1
30 5 2.37931
12 4.66667 1.63636
4 2.5 1.33333
3 2 1
3 2 1
2 1 1
4 2.5 1
3 2 1
4 2.5 1
2 1 1
17 6 2.75
12 4.16667 1.63636
8 4.25 1.57143
13 5.69231 4
3 2 1
16 4.125 1.73333
8 3.5 1.42857
6 3.33333 1.2
2 1 1
27 4.96296 2.26923
23 4.95652 1.90909
15 4.66667 1.57143
14 4.14286 2
20 4.5 1.57895
2 1 1
13 4.15385 1.5
28 4.85714 2.33333
2 1 1
13 4.30769 1.41667
11 4.18182 1.9
16 4.375 1.6
13 3.84615 1.41667
10 4.2 1.55556
17 4.23529 2
20 4.6 2.10526
7 3.71429 1.33333
3 2 1
8 3.75 1.28571
15 4.13333 2
14 4.57143 1.84615
11 4.18182 1.6
12 4.16667 1.90909
19 4.94737 1.94444
13 5.07692 1.83333
16 4.25 1.8
2 1 1
5 3.2 1.25
9 3.55556 1.125
13 4.76923 2.41667
13 4.92308 1.75
15 4.26667 1.64286
9 3.55556 1.25
12 5.33333 2.18182
14 4.14286 1.61538
8 3.75 1.85714
19 5.15789 2.22222
8 3.5 1.14286
3 2 1
7 3.14286 1
7 3.14286 1
4 2.5 1
3 2 1
4 2.5 1
4 2.5 1
10 3.8 1.22222
15 4.93333 2.14286
22 4.63636 2
10 4.2 1.88889
14 4.85714 2
11 4.18182 1.7
9 3.55556 1.125
3 2 1
5 2.8 1.5
3 2 1
3 2 1
5 3.2 1.25
3 2 1
3 2 1
5 2.8 1.5
3 2 1
6 3 1.4
3 2 1
14 11.4286 6.07692
10 5 1.88889
3 2 1
15 4.26667 1.35714
19 6 3.38889
11 4.90909 2.1
26 6.84615 3.6
13 4 1.66667
14 4.57143 1.92308
11 4.72727 1.8
14 6 2.46154
10 4.2 1.77778
3 2 1.5
5 3.2 1.5
25 5.36 3.375
3 2 1
35 4.85714 3.14706
13 4.15385 1.83333
5 2.8 1
29 5.37931 2.78571
5 3.2 1.5
5 3.2 1.5
15 4.4 2.07143
18 4.77778 2.17647
8 4.25 1.57143
37 5.2973 2.44444
17 4.23529 1.6875
5 3.2 1.25
15 4.66667 2.07143
6 3.66667 1.4
13 4.15385 1.33333
16 5.5 2.33333
7 3.14286 1.5
16 5.875 2.26667
4 2.5 1
13 4 1.66667
6 3 1.4
29 5.44828 2.57143
2 1 1
15 4.53333 2.14286
11 4 1.7
20 4.9 2.15789
16 8.25 3.86667
20 4.5 2.26316
22 4.54545 1.61905
7 3.42857 1.5
4 2.5 1.33333
11 4.18182 1.7
10 4.6 2.22222
18 5.44444 2.64706
33 5.39394 2.1875
2 1 1
13 4.30769 2
10 3.6 1.44444
17 4.58824 2.3125
12 4.33333 1.54545
11 4 1.5
14 4.42857 2
4 2.5 1.33333
4 2.5 1
3 2 1
14 4.42857 2.38462
7 4 1.83333
22 4.72727 2.14286
15 4.4 2
13 4.15385 1.83333
11 4.72727 2.6
14 4.28571 1.92308
16 4.375 2.13333
16 5.125 2.53333
18 4.66667 2.64706
2 1 1
20 4.6 2.36842
12 4 1.45455
15 4.4 1.92857
14 3.71429 1.53846
8 3.75 1.28571
7 3.42857 1.66667
5 2.8 1.25
16 4.5 1.73333
20 4.5 1.57895
12 3.66667 1.45455
12 4.66667 1.81818
13 4.30769 1.91667
23 4.43478 1.81818
21 4.85714 2.1
4 2.5 1
28 4.71429 1.92593
32 4.875 2.09677
13 4.61538 1.91667
16 4.875 2.46667
2 1 1
11 5.09091 2.5
9 4.66667 1.75
12 4.16667 1.45455
11 4.72727 1.7
31 5.09677 2.4
4 2.5 1.33333
16 4.375 2
26 4.61538 2.16
37 5.13514 3.05556
6 3 1
24 4.66667 2.17391
18 4.55556 2.11765
2 1 1
19 4.31579 2.05556
26 5.61538 2.36
4 2.5 1.33333
19 4.73684 1.94444
8 3.25 1.28571
29 4.96552 2.25
27 5.25926 2.76923
21 5.52381 2.6
15 5.2 3.28571
25 4.96 2.25
2 1 1
23 5.21739 2.68182
26 5.53846 2.6
6 3 1
4 2.5 1
4 2.5 1.33333
11 4.54545 1.8
16 4.625 1.86667
27 4.88889 1.88462
7 4.85714 2
12 4.33333 1.90909
2 1 1
16 4.375 2.26667
4 3 1.33333
18 5.11111 2.05882
6 3.33333 1.4
9 3.55556 1.375
18 4.55556 1.47059
53 5.54717 4.82692
9 3.77778 1.25
15 4.93333 2
31 4.70968 2
9 3.55556 1.375
5 2.8 1
2 1 1
13 4 2.41667
3 2 1
6 3.33333 1.4
28 4.42857 1.62963
23 5.30435 2.04545
30 4.53333 2.06897
20 4.4 1.84211
10 6.4 2.66667
2 1 1
5 2.8 1.25
6 3.33333 1.2
24 4.58333 3.34783
2 1 1
16 4.125 1.53333
2 1 1
23 4.69565 2.31818
2 1 1
12 5.66667 2.18182
2 1 1
14 4.14286 1.53846
4 2.5 1
7 3.42857 1.33333
19 4.42105 1.88889
2 1 1
17 4.70588 1.625
2 1 1
4 2.5 1
6 3.33333 1.2
7 4 1.83333
12 5 2.54545
12 4.5 1.90909
44 5.18182 3.02326
9 4 1.625
11 3.81818 1.2
10 4.6 2.22222
11 4 1.6
50 5.48 2.69388
30 5 1.96552
24 5.75 2.30435
25 4.4 2.16667
7 4.28571 1.66667
10 4.6 2.33333
3 2 1
19 4.73684 1.94444
15 4.53333 1.71429
12 4.66667 2.09091
4 3 1.33333
4 2.5 1
7 4 1.66667
6 3.33333 1.2
2 1 1
4 2.5 1
3 2 1
6 3 1
2 1 1
4 2.5 1.33333
8 4 1.42857
8 4 1.42857
12 5.16667 2
16 4.125 1.6
5 4 1.75
20 5 2.52632
25 4.64 2.08333
17 5.05882 2.4375
11 4 1.7
16 4.875 2
12 4.66667 1.90909
21 4.95238 2.1
9 4.22222 1.5
8 3.25 1
10 4 1.55556
4 2.5 1.33333
5 3.2 1.5
13 3.69231 1.66667
4 2.5 1.33333
5 3.2 1.5
7 3.42857 1.33333
7 3.42857 1.33333
5 3.2 1.5
7 3.42857 1.33333
9 4 1.75
10 3.6 1.44444
6 3.33333 1.6
4 2.5 1
10 5 1.88889
9 3.55556 1.75
4 2.5 1.33333
5 3.2 1.5
17 4.23529 1.5
7 3.42857 1.33333
11 4.36364 2
5 3.2 1.5
2 1 1
6 3.33333 1.2
11 4.18182 1.8
4 2.5 1.33333
5 3.2 1.5
11 3.81818 1.9
6 3.33333 1.4
10 4.4 1.66667
8 3.5 1.71429
4 2.5 1.33333
5 3.2 1.5
10 3.8 1.77778
4 2.5 1.33333
8 3.75 1.28571
9 4 1.5
5 2.8 1.5
9 4.22222 2
7 3.14286 1.16667
18 4.55556 2
18 4.33333 1.58824
17 4.47059 1.5625
4 2.5 1
15 4 1.5
27 7.55556 4.76923
5 4 1.75
13 3.84615 1.16667
12 4.66667 1.81818
3 2 1.5
24 4.91667 2.6087
21 4.57143 1.65
29 5.10345 2.10714
43 5.16279 3.40476
10 3.8 1.33333
61 5.47541 4.93333
7 4 1.66667
14 4.14286 1.61538
6 3.33333 1.6
16 4.75 2
21 4.95238 3.2
17 4.58824 1.9375
49 4.97959 2.97917
17 4.82353 2.3125
19 5.05263 2.11111
28 5.28571 2.2963
5 4 1.75
15 5.2 1.92857
11 4.18182 1.5
9 4.66667 2.5
2 1 1
2 1 1
20 4.7 2.10526
10 4.6 2.22222
18 4.88889 2.47059
53 6.37736 3.75
38 5.05263 2.75676
16 4.875 2.06667
51 5.37255 2.88
14 5.28571 2.69231
2 1 1
10 4.4 1.55556
10 4.4 1.55556
18 4.77778 2.47059
4 3 1.33333
2 1 1
6 3 1.4
41 5.02439 2.35
31 5.6129 4.66667
23 5.3913 2.54545
47 5.48936 3.06522
39 4.87179 2.47368
3 2 1
23 6 2.54545
36 5.66667 3.45714
13 4.61538 1.75
24 5 3.3913
14 4.85714 1.92308
13 4.30769 1.83333
10 4.2 1.55556
6 5 2.2
12 5.33333 2.54545
11 4.18182 1.5
29 7.17241 4
18 4.77778 1.70588
30 5 3.37931
9 3.55556 1.125
23 5.21739 2.27273
15 5.06667 2.21429
24 5.33333 2.82609
4 3 1.33333
29 5.03448 2.64286
41 5.60976 2.3
16 4.5 1.93333
28 5.14286 2.62963
8 4.25 1.57143
7 3.42857 1.5
17 4.35294 1.5625
32 5.0625 2.3871
5 3.2 1.5
15 4.4 1.42857
56 5.07143 2.32727
21 5.14286 2.4
18 5 1.82353
20 6.1 3.15789
15 4.66667 1.57143
145 5.83448 5.61111
20 4.8 3.05263
24 4.5 2.13043
11 4.36364 1.7
38 4.84211 1.75676
13 4.15385 1.83333
6 3.33333 1.2
9 4.22222 1.5
17 5.17647 2.4375
29 4.62069 2.14286
3 2 1
4 2.5 1
34 5.47059 2.15152
20 4.6 2.78947
12 3.83333 1.36364
74 5.27027 3.86301
20 5.2 2.31579
19 4.21053 2.44444
19 4.73684 1.77778
26 4.84615 1.88
24 4.83333 1.82609
9 3.55556 1.125
2 1 1
5 2.8 1
3 2 1.5
29 4.62069 2.17857
30 5.86667 2.75862
14 4.28571 1.84615
59 5.25424 2.77586
18 4.66667 1.94118
32 5.1875 2
38 5.21053 2.72973
39 5.02564 2.73684
34 4.76471 2.27273
12 4.66667 2
23 4.43478 2
39 5.33333 2.73684
6 3.33333 1.2
28 5 2.37037
55 5.12727 2.16667
36 4.94444 2.82857
18 4.66667 2.29412
18 5.66667 3.82353
26 5.07692 2.04
19 4.31579 1.66667
24 5.66667 2.6087
10 4.2 1.88889
24 5.58333 2.56522
23 4.34783 1.90909
33 4.84848 2.4375
44 4.77273 2
26 5.61538 2.6
2 1 1
75 5.54667 3.45946
44 5.36364 2.51163
17 4.94118 2.25
4 2.5 1
8 3.75 1.42857
8 3.75 1.57143
20 4.7 2.10526
13 6 2.83333
5 2.8 1.25
19 4.31579 1.94444
15 5.2 1.85714
3 2 1.5
23 4.86957 2.31818
23 4.43478 1.5
42 5.14286 2.87805
49 7.02041 3.1875
74 5.91892 5.27397
43 4.97674 5.04762
46 5.08696 2.82222
6 3 1
42 5.09524 2.80488
6 3 1
50 5.12 2.93878
14 4.42857 2.15385
51 5.17647 3.18
22 4.81818 3.42857
40 5.15 3.38462
75 5.12 2.93243
34 5.47059 2.75758
45 4.93333 2.84091
17 4.58824 1.9375
16 4.125 1.4
31 4.45161 1.86667
7 3.42857 1.16667
30 4.2 1.55172
35 5.08571 1.85294
21 4.85714 2.15
59 5.22034 2.84483
39 4.97436 2.47368
25 5.12 2.375
17 4.47059 1.6875
9 3.77778 1.375
34 5.52941 3.54545
36 4.55556 1.65714
29 4.89655 2.21429
66 6.69697 3.92308
16 4.25 1.46667
25 4.64 1.875
13 4.61538 1.66667
19 4.52632 1.5
49 5.30612 2.83333
7 3.42857 1.16667
7 3.42857 1.33333
2 1 1
5 3.2 1.25
9 3.77778 1.5
13 4.30769 2
7 3.42857 1.16667
8 3.75 1.28571
38 5.21053 2.81081
69 5.18841 2.76471
33 5.69697 3.75
29 4.82759 2.21429
20 4.3 1.84211
13 4 1.75
20 4.2 1.89474
27 4.37037 1.65385
32 4.9375 2.32258
24 4.75 1.69565
34 4.64706 2.42424
17 4.35294 1.375
27 7.03704 3.5
8 3.5 1.57143
16 4.125 1.33333
45 11.8667 8.88636
4 2.5 1
3 2 1
5 2.8 1
14 4.14286 1.61538
12 4.5 1.63636
18 4.44444 1.94118
10 4.2 2.11111
32 13.625 8.70968
31 7.09677 2.8
24 4.83333 2.73913
27 4.81481 2.38462
32 4.625 1.51613
24 5.33333 2.04348
62 5.29032 3.37705
15 4.66667 1.92857
73 6.68493 6.09722
10 4.8 1.88889
2 1 1
10 3.6 1.33333
18 4.55556 1.70588
22 4.45455 1.71429
17 4.35294 2
19 4.52632 2
14 5.14286 2.69231
13 3.69231 1.08333
16 4.375 1.66667
14 4.57143 1.76923
4 2.5 1
14 4 1.30769
20 5.4 2.63158
27 5.18519 1.92308
37 5.45946 2.83333
29 4.55172 2.10714
20 4.8 2.05263
8 4.25 1.57143
9 4 1.375
15 4.13333 1.64286
3 2 1
82 6.29268 5.24691
51 6.19608 3
51 5.52941 3.14
5 2.8 1
52 5.34615 2.37255
14 5.28571 2.92308
22 6.63636 4.71429
51 5.09804 2.02
29 5.17241 2.32143
9 4.22222 1.5
13 3.84615 1.16667
19 4.52632 2.11111
7 4.28571 1.66667
13 6.15385 3.08333
10 4.2 1.55556
16 3.875 1.66667
8 3.75 1.85714
11 5.45455 2.1
9 4.66667 2
8 3.75 1.28571
7 3.71429 1.33333
9 4.22222 2
20 5.1 3.63158
8 4.25 1.57143
8 3.75 1.28571
14 3.85714 1.92308
9 3.55556 1.125
8 3.5 1.57143
4 2.5 1
24 4.58333 1.78261
7 3.14286 1.33333
11 3.81818 1.2
13 4.46154 2.08333
14 4.57143 2
20 4.3 2.42105
27 4.44444 2.19231
12 3.83333 1.18182
9 4.66667 1.75
10 4.4 1.55556
18 4.66667 2.05882
12 4.16667 1.54545
78 6.35897 2.85714
7 4 1.5
14 4.42857 2
20 4.3 1.47368
5 3.2 1.25
25 4.48 2
23 5.04348 2.18182
14 4.42857 1.69231
21 5.04762 2.35
27 5.11111 2.69231
40 5.25 4.05128
6 3.33333 1.2
24 4.83333 1.95652
5 2.8 1
43 5.44186 2.95238
25 5.04 1.95833
23 4.86957 2.09091
14 4.28571 2.23077
18 4.66667 1.94118
23 4.95652 2.72727
21 6.85714 3.75
41 4.92683 2.525
16 4.5 1.6
16 4.5 2.26667
6 3.33333 1.2
9 3.55556 1.125
10 4 1.33333
21 4.57143 1.8
14 4.14286 1.46154
25 4.8 2
25 5.2 2.125
16 4 1.46667
17 4.58824 3
22 4.63636 2.19048
13 5.07692 2.58333
3 2 1
8 4 1.42857
2 1 1
6 3.33333 1.2
34 4.88235 2.0303
26 4.69231 2.64
3 2 1
11 4.18182 1.6
11 3.63636 1.3
13 4.15385 1.41667
38 5.68421 3.05405
12 4.16667 1.54545
22 4.81818 1.85714
23 4.6087 2.27273
15 4.13333 1.78571
36 4.94444 2.11429
22 4.36364 1.61905
30 4.73333 1.82759
18 4.44444 1.58824
25 4.96 2.5
8 4 1.42857
7 3.42857 1.5
13 4.30769 1.91667
24 5.08333 1.91304
12 5.16667 2.63636
14 4.14286 1.76923
4 2.5 1
3 2 1
2 1 1
24 4.5 1.73913
18 4.66667 1.52941
4 2.5 1
15 4.26667 2
8 5.75 3.14286
5 3.2 1.25
8 3.75 1.28571
22 5.81818 3.14286
9 3.55556 1.75
17 5.88235 2.8125
30 4.73333 1.89655
23 4.86957 1.95455
7 3.42857 1.5
16 6.375 3.13333
14 4.57143 1.76923
10 5.6 2.22222
10 4.6 1.77778
13 4 1.5
17 5.29412 1.875
5 2.8 1
12 4.33333 1.63636
8 3.5 1.42857
7 3.71429 1.33333
7 3.71429 1.33333
19 4.94737 2.05556
3 2 1
3 2 1
20 4.8 2
11 4.54545 1.6
22 4.72727 1.90476
8 3.5 1.14286
32 4.875 2.19355
17 4.58824 2.5
17 4 1.3125
13 4.92308 2.75
31 4.77419 1.8
5 3.2 1.5
23 4.69565 2.31818
27 4.66667 2.42308
27 5.40741 2.42308
10 3.8 1.44444
8 3.75 1.71429
30 4.93333 2.93103
15 4.4 1.57143
19 4.63158 2.33333
5 2.8 1
30 5.13333 2.24138
24 5.91667 2.73913
23 4.78261 2.09091
13 4.61538 2.08333
5 2.8 1
7 3.71429 1.33333
