11 4.54545 2.5
22 4.63636 3
26 4.38462 2.6
38 4.52632 4.59459
22 4.27273 2.95238
29 4.48276 2.5
11 4.18182 1.7
20 4.4 2.73684
18 4.33333 1.70588
7 4 1.66667
7 3.42857 1.16667
12 3.83333 1.27273
21 4 1.6
19 4.52632 2.33333
6 3.33333 1.6
31 4.70968 2.53333
15 4.13333 1.71429
17 4.11765 2.0625
11 4.54545 2.7
10 4.6 2.33333
7 3.71429 1.33333
13 4.30769 2.16667
8 4.25 2.14286
11 4.18182 1.6
25 4.56 1.75
20 5.3 3.36842
7 4 1.83333
9 4.22222 1.875
10 4 1.66667
4 2.5 1
5 3.2 1.5
6 3.33333 1.4
10 4.2 1.77778
20 4.6 2.89474
11 3.81818 1.2
6 5 2.2
9 4 2
14 4.57143 2.07692
8 4.25 1.71429
13 4.46154 2.08333
11 4.18182 1.6
8 4.25 1.57143
7 3.71429 1.33333
7 3.71429 1.33333
7 3.71429 1.33333
4 3 1.33333
8 3.5 1.14286
7 3.71429 1.33333
7 3.71429 1.33333
13 4 1.75
6 3.33333 1.2
12 4.66667 2.09091
8 4.75 2.14286
9 4.66667 2.625
5 3.2 1.25
8 4.75 2.14286
14 4.71429 2.53846
30 4.46667 1.65517
7 4 2
26 4.53846 2.08
35 4.57143 2.52941
17 3.88235 1.375
21 4.47619 2.3
15 4.53333 1.85714
12 5.33333 3.27273
16 4.25 2.8
13 4.15385 2.08333
13 4.15385 1.5
24 4.5 1.78261
8 4 2
30 4.93333 3.44828
29 4.75862 2.28571
7 3.42857 1.33333
14 4 1.69231
13 4.15385 2.5
28 5 3.44444
16 4.25 2.4
29 5.10345 2.92857
16 4.125 2
11 4.36364 2.6
7 3.42857 1.5
23 4.86957 4.04545
8 3.5 1.14286
9 4.22222 2.125
19 4.52632 3
30 4.8 5.24138
30 5.13333 2.93103
11 4.18182 2.3
13 4.46154 3
28 4.78571 4.25926
22 4.81818 4.47619
11 3.81818 1.5
9 4 2.125
22 4.45455 1.52381
9 4.22222 2.125
17 4.82353 2.125
26 4.92308 4
13 5.23077 2.5
11 4.18182 1.5
5 3.2 1.25
17 4.94118 3.8125
11 5.63636 2.2
11 4.54545 2.2
11 3.81818 2.2
20 4.6 1.84211
10 3.6 1.22222
8 3.75 1.42857
18 5 2.70588
11 3.81818 1.5
9 4.22222 2.125
16 4.5 2.46667
15 4.4 2.42857
12 6 3.54545
15 4.53333 1.92857
23 4.6087 3.63636
9 3.77778 1.375
12 4.16667 2.45455
20 4.8 2.94737
13 4.46154 1.58333
16 5 3.73333
22 4.72727 2.14286
30 4.66667 4.41379
22 4.72727 3.90476
17 4.47059 3.0625
23 4.43478 2.40909
20 4.8 2.36842
16 4.5 2.26667
12 4.16667 2.54545
8 4 2
32 4.5625 2.35484
21 4.38095 2.55
3 2 1
7 3.42857 1.16667
11 4.36364 2
14 5.28571 2.92308
27 4.14815 3.15385
16 4 1.86667
31 4.96774 2.73333
13 4.30769 1.83333
18 4.11111 2.47059
11 4 1.6
16 4.375 2.46667
14 4.14286 1.69231
21 4.47619 2.45
12 4 2.09091
9 3.77778 1.75
12 4.16667 1.54545
13 4.76923 3.08333
17 4.11765 2.375
18 4.22222 2.35294
10 3.8 1.44444
11 5.09091 3
4 3 1.33333
13 4.46154 3.08333
3 2 1
13 3.84615 1.16667
11 3.81818 1.2
11 4.18182 1.6
12 4.66667 1.72727
11 4 2.2
4 3 1.33333
6 4 1.6
12 4.5 2.90909
6 4 1.6
6 4 1.6
10 3.6 1.33333
11 4 1.3
5 3.2 1.5
9 4 1.75
6 4 2
11 4.18182 1.7
10 4.4 2.88889
13 4.15385 2.58333
6 4 1.6
4 3 1.33333
8 4 1.57143
14 4 1.46154
6 4 1.6
11 4.18182 2.9
12 3.66667 1.18182
11 4 1.5
8 3.75 1.85714
12 3.83333 2.18182
7 3.71429 2
13 4.76923 2.75
15 4.66667 2.21429
13 4.46154 2.83333
18 4.88889 4.05882
9 4.22222 2
13 4.30769 2.75
12 3.83333 1.63636
11 4.36364 2.9
15 4.4 2.42857
7 4.28571 1.66667
8 3.75 1.85714
14 3.85714 1.46154
17 5.05882 3.375
17 4.23529 1.625
14 4.28571 1.53846
12 4.5 1.90909
7 3.42857 1.5
14 4.14286 1.84615
7 4 1.5
9 4.88889 2.625
3 2 1
11 4.72727 2.2
18 4.22222 2.23529
16 4.25 2.13333
8 4 1.57143
14 4.28571 1.69231
11 4.54545 2.6
16 4.375 2.2
12 4.5 1.81818
27 4.74074 2.80769
15 4.26667 2.71429
15 4.26667 2
12 4 1.45455
11 3.81818 1.3
32 5.0625 2.35484
18 4.66667 1.94118
14 5 2.53846
10 5.4 3.33333
10 4.8 2.11111
15 4.26667 1.42857
4 2.5 1
9 4.22222 2
9 4 2.125
22 4.72727 2.57143
22 4.72727 2.09524
15 4.93333 2.85714
7 4 1.83333
2 1 1
6 3.33333 1.2
13 4.46154 1.91667
5 3.2 1.5
20 4.6 4.84211
12 4.16667 2
13 4.30769 1.83333
7 4 2
11 5.09091 3.8
16 5.25 2.33333
18 4.55556 2.29412
18 5.11111 2.82353
7 4 1.5
12 4.5 2.63636
15 4 1.85714
30 5.13333 2.34483
24 5.08333 3.6087
15 4 1.5
20 4.6 2.36842
11 4.54545 2.8
15 5.33333 2.64286
16 4.125 2.33333
15 4.53333 2
11 4.90909 3.3
18 6.77778 3.05882
9 4.22222 1.5
20 5.6 3.21053
11 4.54545 2
14 4.71429 2.30769
24 5.66667 4.08696
24 4.75 1.86957
17 4.94118 2.25
9 4.66667 2.25
20 5 2.84211
4 3 1.33333
10 4.2 2.55556
6 5 2.2
14 4.57143 2.15385
26 4.46154 3
23 4.34783 2.68182
10 4.6 2.44444
23 4.43478 4.04545
17 4.23529 1.8125
16 4.5 4.06667
22 5 2.2381
8 4.75 2.42857
14 4.57143 2.53846
20 4.7 3.47368
28 4.42857 3.77778
12 4.66667 3
24 4.5 2.08696
14 4.14286 2.53846
14 4.14286 2.07692
15 4.26667 1.42857
26 4.53846 3.36
12 4.66667 2.54545
18 4.44444 2.94118
20 5 3.52632
33 4.36364 3.25
22 4.90909 2.33333
10 4.4 2.33333
24 4.5 3.17391
30 4.93333 4.51724
19 4.31579 2.66667
17 5.64706 3.5
16 4.375 2.33333
14 4.14286 2.23077
15 4 1.85714
19 4.63158 2.94444
13 4.46154 1.83333
14 4.85714 3.23077
24 5.25 3.3913
14 5 2.76923
13 4.15385 2.66667
8 4.75 2.28571
8 3.5 1.42857
6 4 2
7 3.42857 1.66667
4 3 1.33333
7 3.42857 1.16667
16 4.125 2.46667
5 3.2 1.5
3 2 1
10 4.2 1.44444
5 3.2 1.25
4 2.5 1
4 3 1.33333
5 2.8 1
5 2.8 1
3 2 1
9 4 1.75
8 4 1.71429
4 2.5 1
6 3.33333 1.4
7 3.71429 2
3 2 1
11 4 1.4
5 3.2 1.5
6 3.33333 1.4
11 4.72727 2.6
9 3.55556 1.25
5 3.2 1.25
3 2 1
4 2.5 1
6 3.33333 1.2
2 1 1
3 2 1
7 3.42857 1.5
4 2.5 1
4 3 1.33333
7 4.85714 2.16667
9 5.55556 2.875
8 4 1.42857
2 1 1
6 3 1.2
3 2 1.5
9 4 1.625
4 3 1.33333
4 3 1.33333
10 3.8 1.66667
5 4 1.75
14 4.42857 2.92308
5 2.8 1
11 4.18182 1.8
3 2 1
4 3 2
3 2 1
7 3.42857 1.5
11 4.18182 1.8
3 2 1
5 4 1.75
4 2.5 1.33333
4 3 1.33333
5 3.2 1.25
5 3.2 1.25
3 2 1
8 3.75 1.42857
7 3.42857 1.16667
4 3 1.33333
9 3.77778 1.375
5 4 1.75
7 3.71429 2
10 5.2 2
10 3.8 1.22222
5 3.2 1.5
3 2 1
8 4 1.42857
12 4.16667 1.36364
8 4 1.85714
5 4 1.75
13 3.84615 1.25
8 4 2.28571
6 3.66667 1.8
10 3.8 1.55556
6 4 1.6
9 3.77778 1.375
7 4 1.5
13 4.61538 2.41667
3 2 1
4 3 1.33333
4 3 1.33333
4 3 2
5 3.2 1.5
9 3.77778 1.25
11 4.18182 2.3
5 3.2 2
5 3.2 1.25
7 4 1.5
9 4 1.375
5 3.2 1.25
8 3.75 1.42857
7 3.42857 1.16667
11 3.81818 1.5
7 3.71429 1.66667
10 3.8 1.44444
16 4.5 2.6
5 2.8 1
12 4.16667 1.45455
8 3.75 1.28571
4 2.5 1
10 3.8 1.33333
4 3 1.33333
6 3 1
8 4 1.71429
8 3.5 1.14286
12 4 2.54545
6 3.33333 1.2
4 3 1.33333
14 4.14286 2.15385
3 2 1
7 3.71429 1.33333
7 4 2
10 4.4 2
12 4.66667 2.09091
5 3.2 1.5
3 2 1.5
11 4.18182 1.4
4 2.5 1
5 4 1.75
3 2 1
5 3.2 1.25
7 3.42857 1.16667
12 4 1.90909
7 3.42857 1.16667
9 4.22222 2.75
4 3 1.33333
6 3.33333 1.2
6 3.66667 1.4
5 4 1.75
8 4 1.42857
5 3.2 1.5
2 1 1
21 4.66667 2
7 3.42857 1.16667
6 4 1.6
6 4 2
10 4.2 1.66667
14 4.28571 1.84615
7 4 2
7 3.71429 1.33333
6 3 1
7 3.42857 1.16667
11 3.81818 1.7
11 4 1.4
5 2.8 1
10 3.8 1.77778
6 3.33333 1.2
5 4 1.75
8 4.75 1.85714
3 2 1
6 5 2.2
3 2 1
4 2.5 1
6 3 1
5 2.8 1
11 4.18182 2.2
2 1 1
4 3 1.33333
5 3.2 1.25
5 3.2 1.25
5 2.8 1
7 3.42857 1.16667
8 4.75 2.28571
8 3.5 1.14286
3 2 1
5 4 1.75
6 3.33333 1.4
5 3.2 1.25
9 4 2.375
21 4.57143 3
11 4.18182 1.5
7 3.14286 1
28 4.71429 2.66667
14 4.28571 1.69231
5 3.2 1.25
6 4 1.6
6 5 2.2
6 3 1
9 4.22222 1.5
12 4.16667 2.45455
3 2 1.5
4 3 1.33333
2 1 1
9 3.33333 1
12 4.33333 2.63636
6 3.33333 1.4
4 2.5 1
3 2 1
4 3 1.33333
9 4 1.625
4 2.5 1
9 3.55556 1.125
5 4 1.75
9 4 2.125
10 4.4 1.77778
5 2.8 1
6 3.33333 1.2
3 2 1
5 2.8 1.25
4 2.5 1.66667
17 4.35294 3.0625
9 4.22222 1.5
2 1 1
5 2.8 1
4 3 1.33333
9 3.77778 1.375
5 3.2 1.25
3 2 1
4 2.5 1
7 3.71429 1.33333
6 3.33333 1.2
6 3.33333 1.6
4 3 1.33333
11 4.72727 3.1
7 3.42857 1.33333
3 2 1
5 2.8 1
9 4 1.625
10 3.8 1.55556
5 3.2 1.25
8 3.5 1.14286
5 3.2 1.25
6 4 1.6
6 3.66667 1.8
7 4.85714 2.33333
8 3.5 1.14286
7 3.42857 1.16667
2 1 1
15 4.4 1.78571
6 3.33333 1.6
9 4.22222 1.625
12 4.66667 1.72727
14 5 2.23077
4 2.5 1
18 4.55556 2.94118
9 4.22222 2.375
5 3.2 1.5
10 4 2.22222
4 3 1.33333
10 3.8 1.88889
13 4.15385 2.08333
2 1 1
6 3.33333 1.2
8 3.75 1.57143
8 3.75 1.42857
5 2.8 1
4 2.5 1
8 4 1.71429
8 4.75 2.71429
4 3 1.33333
6 3 1
7 4.85714 2
4 2.5 1
5 3.2 2
4 2.5 1.66667
6 3.33333 1.2
9 4 2.125
6 3 1
7 4 2.16667
10 4.2 1.77778
12 3.83333 1.18182
3 2 1
7 4 1.83333
4 3 1.33333
8 3.5 1.14286
11 4 1.6
7 3.42857 1.16667
6 3.33333 1.6
12 4 1.27273
8 4.25 1.57143
6 4 1.8
8 3.5 2
6 4 1.6
3 2 1
3 2 1
5 3.2 1.25
3 2 1
4 3 1.33333
5 3.2 1.25
2 1 1
7 4.85714 2
4 2.5 1
9 3.55556 1.125
5 4 1.75
7 3.42857 1.16667
4 3 1.33333
6 3.33333 1.2
8 4.75 2.57143
3 2 1
9 4 1.5
5 4 1.75
5 3.2 1.5
8 3.75 1.28571
5 2.8 1
4 3 1.33333
5 3.2 1.5
6 3.33333 1.4
8 3.75 1.28571
3 2 1.5
6 3.33333 1.6
6 3.33333 1.2
5 3.2 1.25
5 3.2 1.25
9 4.22222 2.125
7 4 1.66667
3 2 1
4 2.5 1
13 4 1.58333
11 3.81818 1.4
6 4 1.6
4 3 1.33333
9 4.88889 2
6 3 1
2 1 1
14 4.71429 2.07692
8 3.5 1.28571
3 2 1
11 4 1.6
5 4 1.75
2 1 1
13 4 1.33333
8 3.75 1.42857
5 3.2 1.25
10 4 1.33333
9 4 1.625
6 3.33333 1.4
5 2.8 1
8 3.75 1.28571
4 3 1.33333
5 4 1.75
5 4 1.75
6 3.33333 1.2
4 2.5 1
6 3.66667 1.8
7 3.42857 1.33333
16 4.75 2.53333
7 4 1.66667
9 4 1.625
5 3.2 1.5
8 3.25 1
5 4 1.75
3 2 1
7 4.85714 2
6 3.33333 1.4
7 3.42857 1.16667
11 4.18182 1.7
12 4 1.63636
9 5.55556 3.25
9 3.77778 1.75
5 4 1.75
10 3.8 1.44444
4 3 1.33333
3 2 1
3 2 1
5 3.2 1.5
10 4.4 1.55556
4 3 1.33333
6 4 1.6
6 3.33333 1.2
6 3.33333 1.2
6 4 1.6
8 3.5 1.28571
8 3.75 1.42857
16 4.375 2.26667
4 2.5 1
12 4 2
5 3.2 1.25
5 3.2 1.5
2 1 1
6 3.33333 1.2
2 1 1
4 3 1.33333
9 4 2.125
6 3.66667 1.4
4 2.5 1
7 3.42857 1.16667
3 2 1
9 3.55556 1.125
10 3.6 1.33333
11 4.18182 1.5
7 3.42857 1.16667
3 2 1
2 1 1
7 4 2.16667
2 1 1
12 4.5 2.72727
6 4 2
3 2 1.5
5 3.2 1.25
2 1 1
7 3.42857 1.66667
4 3 1.33333
3 2 1.5
5 4 1.75
7 3.71429 1.33333
8 3.5 1.14286
7 4 2.16667
4 2.5 1.33333
6 5 2.2
7 4 1.83333
39 4.46154 2.23684
15 4 1.35714
18 3.88889 1.64706
11 4 2.1
11 3.63636 1.1
25 5.12 3.91667
24 4.25 2.69565
11 3.63636 1.3
18 4.44444 3.05882
13 3.84615 1.66667
8 3.5 1.14286
12 4 1.27273
12 4.83333 2.54545
19 4.52632 2.83333
14 4.14286 1.46154
23 4.26087 1.77273
12 3.83333 1.81818
14 4 1.84615
19 4.10526 2.16667
28 4.5 3.74074
16 4.125 1.66667
9 3.33333 1
20 4.2 1.26316
15 4.13333 2.64286
7 3.42857 1.33333
2 1 1
5 2.8 1
5 3.2 1.25
29 5.10345 4.10714
17 4.94118 3
4 3 1.33333
24 4.16667 2.82609
35 5.02857 3.08824
28 4.64286 3.22222
2 1 1
13 4.15385 1.83333
4 2.5 1
6 3.33333 1.2
12 3.83333 1.63636
28 4.14286 2
32 4.1875 1.77419
51 4.94118 3.58
22 4.45455 2.14286
10 4 1.66667
23 4.26087 2.40909
6 4 1.8
4 2.5 1.33333
22 4.27273 2.66667
7 4 1.66667
12 4 2.09091
8 3.5 1.42857
8 4 1.42857
26 4.61538 3.12
7 3.42857 1.5
2 1 1
6 3.33333 1.4
11 3.81818 1.2
10 4.2 1.77778
5 3.2 1.25
2 1 1
3 2 1
12 4 2.09091
3 2 1
17 4.58824 3.6875
22 4.27273 2.28571
18 4.22222 2
17 4.70588 2.0625
9 3.55556 1.5
7 3.71429 1.33333
3 2 1
8 4 1.71429
6 3.33333 1.2
6 3.33333 1.2
6 3.66667 1.4
7 3.14286 1
13 4.15385 1.83333
7 4.28571 1.66667
5 2.8 1
7 3.42857 1.16667
7 3.42857 1.16667
6 3 1
9 3.55556 1.125
6 3.33333 1.2
5 4 1.75
8 3.75 1.71429
2 1 1
5 2.8 1
12 4.33333 1.72727
14 4 1.76923
24 4.5 1.65217
37 4.86486 3.44444
10 4.2 1.77778
3 2 1.5
18 4.11111 1.70588
3 2 1.5
9 3.77778 1.875
25 4.56 3.16667
2 1 1
8 4 1.71429
6 3.66667 1.4
7 3.42857 1.33333
6 3.33333 1.2
21 5.90476 4.9
8 3.5 1.71429
16 4.75 2.06667
5 4 1.75
8 4 1.42857
20 4.3 1.94737
13 4.15385 2.16667
5 3.2 1.5
10 4.2 1.77778
19 4.21053 1.83333
7 3.14286 1
9 3.55556 1.5
6 3.66667 1.8
8 4.25 1.57143
2 1 1
11 6.18182 3.9
15 4.13333 1.64286
14 4 1.53846
15 4.4 1.71429
17 4.70588 2.4375
10 3.4 1
8 3.5 1.42857
7 3.42857 1.33333
5 3.2 1.5
18 4.44444 2.35294
5 2.8 1
15 4.13333 1.28571
16 4.25 2.13333
12 3.66667 1.45455
12 4 1.72727
11 4.36364 1.9
14 4 2.07692
7 3.71429 1.5
7 4 1.83333
5 2.8 1
19 4.42105 2.72222
21 4.57143 2.2
5 2.8 1.25
5 2.8 1
10 5.2 2.44444
14 4.14286 1.76923
12 4.16667 2.27273
11 4.18182 2.3
14 3.85714 1.76923
8 4 2.14286
8 4 1.42857
6 4 2
11 4 1.8
10 3.8 1.44444
12 4 1.63636
15 4.13333 1.78571
24 4.41667 2.34783
6 3.33333 1.2
27 5.11111 2.92308
16 4.625 2.13333
4 3 1.33333
6 4 1.6
26 5.69231 3.92
5 2.8 1
2 1 1
5 3.2 1.5
6 3.33333 1.4
8 4 1.42857
16 4.125 2.66667
6 3 1
7 3.71429 1.5
11 3.63636 1.4
6 3.33333 1.2
3 2 1.5
7 3.71429 1.5
6 3 1
8 3.5 1.57143
9 4 1.75
19 5.36842 3.33333
12 4.66667 3.09091
8 3.25 1
10 3.8 2.11111
8 4.25 2
16 4.125 2.33333
9 3.55556 1.375
16 4.125 2.93333
8 4 1.85714
5 4 1.75
9 3.55556 1.375
5 3.2 1.5
3 2 1
5 3.2 1.25
26 4.38462 3.16
10 3.8 2
9 3.55556 1.5
7 3.42857 1.5
12 4.33333 1.72727
18 3.88889 1.41176
9 3.77778 1.875
10 3.6 1.33333
5 3.2 1.5
11 4.54545 2.9
6 3.33333 1.4
12 4.16667 1.81818
8 3.5 1.14286
16 4.125 1.73333
13 4 1.5
3 2 1
21 4.7619 3.05
22 4.18182 1.95238
27 4.51852 2.23077
2 1 1
30 5 3.31034
29 4.68966 3.60714
18 4.55556 1.76471
19 4.21053 1.61111
11 3.81818 1.3
21 4.28571 2
4 3 2
24 4.33333 2
12 4 2.27273
17 4.11765 2.3125
12 4.16667 1.63636
19 4.10526 2
4 2.5 1
15 4.13333 1.57143
36 4.27778 2.62857
5 3.2 1.5
9 3.55556 1.25
15 4.13333 1.5
16 4.125 2.26667
16 4.375 2.06667
2 1 1
10 4 2.44444
15 4.26667 2.42857
6 3.66667 1.8
4 2.5 1
8 3.75 1.71429
3 2 1
9 5.55556 2.875
29 4.48276 2.25
6 3 1
13 3.84615 1.83333
8 3.5 1.42857
2 1 1
15 3.73333 1.64286
5 3.2 1.5
6 3 1
5 2.8 1
7 3.71429 1.33333
4 2.5 1
6 3.66667 1.8
5 3.2 1.25
3 2 1
13 3.84615 1.41667
8 3.75 1.71429
3 2 1
8 3.25 1
6 3.33333 1.2
11 3.63636 1.2
4 2.5 1
9 3.55556 1.125
4 3 1.33333
18 4 1.64706
8 3.25 1
19 5.05263 3.66667
10 3.8 2
6 3 1
4 2.5 1
5 2.8 1
3 2 1
11 3.81818 1.4
4 2.5 1
10 4.2 2.11111
11 4 1.8
25 4.32 1.95833
33 4.18182 2.6875
19 4.10526 1.55556
5 2.8 1
4 3 1.33333
7 3.42857 1.5
7 3.71429 1.83333
4 2.5 1
3 2 1
8 4 2.28571
6 3.33333 1.2
3 2 1.5
15 4 1.92857
7 3.42857 1.66667
6 3.33333 1.4
4 2.5 1
4 2.5 1
5 3.2 1.5
5 3.2 1.5
3 2 1
11 3.63636 1.1
8 4 2.28571
2 1 1
2 1 1
6 4 1.6
2 1 1
5 3.2 1.25
3 2 1
2 1 1
2 1 1
9 4.22222 2
3 2 1
5 3.2 1.5
7 3.42857 1.33333
6 4 2
5 3.2 1.5
6 4 1.6
11 4.54545 2.8
4 2.5 1
9 3.55556 1.25
8 3.75 1.28571
16 3.875 1.93333
6 4 1.8
6 4 1.6
6 4 1.6
7 3.42857 1.66667
10 4.6 2
3 2 1
6 4 1.8
4 2.5 1
4 2.5 1
11 4 1.9
5 3.2 1.5
4 2.5 1
3 2 1
6 3.33333 1.2
22 4.09091 2.71429
3 2 1
3 2 1
6 3 1
14 4.14286 1.92308
3 2 1
8 3.75 1.28571
10 3.6 1.11111
12 4.5 2.81818
2 1 1
2 1 1
8 3.75 1.85714
5 3.2 1.25
5 3.2 1.5
4 2.5 1
6 3.33333 1.4
5 4 1.75
4 3 1.33333
7 3.14286 1
5 3.2 1.5
5 3.2 1.25
4 3 1.33333
5 3.2 1.5
7 3.42857 1.33333
3 2 1
11 4.18182 2.2
3 2 1
4 2.5 1
10 4.2 2.33333
3 2 1.5
3 2 1.5
8 3.75 1.42857
4 3 2
5 3.2 1.25
15 4.13333 2.14286
8 3.75 1.28571
11 3.63636 1.2
10 4.2 1.66667
8 3.5 1.57143
2 1 1
11 5.45455 2.9
5 3.2 1.5
14 4.28571 2.07692
7 4 1.83333
3 2 1
3 2 1
6 3.33333 1.4
14 3.57143 1
3 2 1
21 4 1.35
5 3.2 1.5
15 4 2.28571
8 3.5 1.14286
5 3.2 1.25
24 4.5 1.6087
22 4.36364 1.85714
25 4.16 2.33333
6 4 1.6
7 3.42857 1.33333
6 3 1
11 4 2.2
15 4.26667 1.5
3 2 1
15 4.8 3.78571
18 5.33333 3.47059
15 4.13333 1.64286
5 3.2 1.25
5 3.2 1.25
5 4 1.75
4 3 1.33333
3 2 1.5
5 3.2 1.25
9 4 1.75
8 3.5 1.28571
8 4 1.71429
4 3 1.33333
5 2.8 1
2 1 1
3 2 1
4 2.5 1
10 4 1.55556
6 4 1.8
5 3.2 1.25
12 3.83333 1.54545
15 3.86667 1.21429
5 3.2 1.25
5 3.2 1.25
6 4 1.8
6 3.33333 1.2
6 3 1
4 3 1.33333
11 3.81818 1.6
9 3.77778 1.5
6 3 1
4 2.5 1
9 3.77778 2.125
6 3 1
12 4.5 1.54545
6 3 1
5 3.2 1.25
5 2.8 1
7 3.14286 1
16 4.25 1.53333
3 2 1.5
3 2 1.5
18 4.88889 3.47059
7 3.14286 1
5 3.2 1.5
19 4 2.16667
4 3 1.33333
3 2 1
3 2 1
10 4.2 2
3 2 1
7 3.42857 1.33333
6 3.33333 1.2
17 4.47059 2.1875
6 3.33333 1.4
8 3.75 1.28571
7 3.71429 2
6 3 1
13 5.07692 2.83333
10 3.8 1.44444
12 4 1.72727
4 3 1.33333
6 5 2.2
10 4 2
5 3.2 1.25
9 3.77778 1.375
7 3.42857 1.33333
7 4 1.83333
8 3.25 1
13 3.84615 1.66667
18 4.33333 2.64706
16 4.375 3.06667
22 4.72727 2.28571
7 4 2
22 4.54545 2.66667
23 4.52174 2.40909
27 4.59259 2.5
2 1 1
14 4.14286 1.69231
18 4.77778 3.76471
10 4.8 2.44444
29 4.62069 2.17857
27 5.25926 3.61538
18 4.66667 2.35294
22 5.09091 3.19048
57 5.12281 4.30357
8 4.25 2.14286
17 4.35294 2.8125
21 5.52381 4.5
19 5.15789 2.66667
24 4.91667 2.34783
36 4.55556 2.31429
10 4.2 1.77778
5 4 1.75
27 4.96296 3
30 4.6 3.31034
26 4.84615 3.72
13 3.84615 1.91667
14 4.28571 2.38462
22 4.36364 1.90476
36 4.22222 2.42857
29 4.34483 2.89286
10 4.6 1.88889
8 3.75 1.28571
8 4.25 1.57143
22 4.63636 2.52381
22 4.36364 2.04762
53 4.45283 4.53846
13 4.76923 3.25
17 4.82353 2.125
41 4.92683 6.2
22 4.54545 2.47619
29 4.62069 2.82143
29 4.34483 2.14286
46 5 4.73333
26 4.53846 2.32
31 4.64516 2.33333
12 4 1.72727
21 4.7619 2.85
24 4.33333 2.3913
43 5.39535 4.28571
32 5.375 2.51613
24 5.25 3.04348
24 4.5 2.47826
32 4.4375 3.06452
27 4.59259 3.84615
16 4.75 3.26667
20 4.2 2
11 4.54545 2.1
11 3.81818 2.1
22 4.54545 4.04762
24 4.75 2.52174
11 4 2
17 4.70588 3.1875
25 4.72 3.41667
26 4.76923 3.04
24 5.08333 4.21739
27 4.44444 2.92308
23 4.6087 2.59091
37 4.59459 3.11111
48 4.41667 2.38298
20 4.6 2.63158
32 5.9375 4.16129
16 4.5 1.93333
24 4.58333 3.47826
37 4.59459 5.16667
36 4.77778 3.57143
38 4.47368 2.40541
34 4.58824 3.9697
21 4.47619 2.65
32 4.4375 3.22581
24 4.33333 2.26087
23 4.6087 3.63636
12 4.33333 2
12 4.16667 1.63636
16 4.5 2.4
15 4.13333 1.5
18 5.33333 3.58824
16 4.125 2.46667
7 3.14286 1
9 3.77778 1.25
4 3 1.33333
6 3.33333 1.2
15 4.26667 1.85714
4 2.5 1
5 3.2 1.5
15 4.13333 3.07143
4 2.5 1
8 3.75 1.57143
26 4.76923 2.72
4 3 1.33333
9 3.77778 1.25
6 5 2.2
7 3.71429 1.66667
6 3.33333 1.4
8 3.75 1.28571
5 2.8 1
4 2.5 1
5 4 1.75
14 4.57143 2.92308
6 3.33333 1.2
14 5.28571 2.84615
4 3 1.33333
12 4.16667 1.36364
9 4.22222 1.875
6 3.33333 1.4
7 4 1.5
8 4.25 1.71429
6 5 2.2
24 4.41667 3.6087
7 3.71429 1.33333
7 4 2.16667
7 3.42857 1.5
7 3.42857 1.16667
4 2.5 1
8 4.75 2.14286
6 3.33333 1.6
8 3.75 1.28571
5 3.2 1.25
13 5.07692 2.33333
8 4 1.71429
10 4.2 1.55556
5 3.2 2
10 5.4 3.11111
4 2.5 1
5 3.2 1.25
11 4.36364 1.8
5 3.2 1.25
10 3.8 1.55556
10 3.8 1.44444
9 3.77778 1.5
5 2.8 1
4 3 1.33333
7 3.42857 1.33333
12 3.83333 1.27273
8 4.25 2.28571
6 4 1.8
4 3 1.33333
13 4.15385 1.83333
11 4 1.8
2 1 1
4 3 1.33333
6 5 2.2
8 4.75 2
9 3.55556 1.125
3 2 1
3 2 1
5 4 1.75
9 4.88889 2.625
5 3.2 1.25
16 4.75 2.06667
3 2 1
4 2.5 1
7 3.42857 1.33333
2 1 1
6 4 2
4 3 1.33333
6 4 1.6
6 3.33333 1.2
23 5.21739 2.95455
10 5.2 2
14 4.28571 1.61538
15 4.66667 2.92857
3 2 1
3 2 1.5
2 1 1
11 4.18182 1.6
7 3.71429 1.33333
3 2 1
10 3.8 1.88889
6 3.33333 1.6
7 4 2.16667
5 3.2 1.25
10 4.6 2.55556
3 2 1
5 4 1.75
13 4.30769 2.41667
19 5.36842 3.66667
11 4.18182 1.9
11 4 1.4
6 4 1.6
13 4.76923 2.91667
5 3.2 1.25
5 2.8 1
6 3.33333 1.2
9 4.22222 1.5
3 2 1
3 2 1
8 3.75 1.57143
13 5.07692 3
12 4.33333 2
6 5 2.2
10 4.2 1.55556
11 5.09091 2.2
11 3.81818 1.5
9 4.66667 2.625
13 4.46154 2
13 4.92308 2.16667
5 4 1.75
6 3.33333 1.4
6 4 1.6
19 5.89474 3.16667
11 3.81818 1.6
9 4.88889 3
10 4.2 1.77778
14 4.28571 2.84615
6 3 1
18 4.44444 3.47059
5 4 1.75
6 3.33333 1.6
9 5.55556 3
8 3.5 1.14286
19 4.73684 2
10 4.6 2.11111
15 4.26667 1.92857
14 4.57143 1.92308
26 4.92308 3.12
3 2 1
2 1 1
6 3.33333 1.2
16 4.125 2.8
13 4.46154 2.25
11 3.63636 1.2
6 4 1.6
7 3.42857 1.33333
5 3.2 1.25
6 3.33333 1.6
5 3.2 1.5
21 4.57143 3.35
17 4.23529 2.9375
13 4.30769 1.91667
47 4.76596 2.41304
12 3.66667 1.27273
15 4.53333 2.71429
4 2.5 1
14 4.42857 1.84615
10 3.8 2
29 4.82759 3.92857
9 4.22222 1.5
24 5.66667 2.52174
11 4.72727 2.1
9 3.77778 1.375
12 4.5 2
7 4.85714 2.33333
5 3.2 1.25
10 3.6 1.22222
26 4.69231 2.16
33 4.78788 4.34375
11 4.18182 2.4
8 4 1.71429
7 3.42857 1.33333
5 2.8 1
26 4.92308 3
10 4.2 1.88889
4 3 1.33333
4 2.5 1
13 4.61538 1.75
4 3 1.33333
12 4.16667 1.63636
13 4.15385 1.5
11 4 2.2
13 4.46154 2.16667
22 4.72727 2.2381
17 4.35294 1.75
9 3.55556 1.25
5 3.2 1.25
12 4.66667 2.27273
5 3.2 1.5
7 3.71429 1.33333
22 4.45455 1.85714
11 4.18182 1.6
18 4.33333 2.94118
17 5.64706 2.875
35 5.14286 3.70588
9 3.77778 1.375
18 4.22222 2.58824
12 4 1.72727
14 4.28571 2.07692
12 4 1.63636
22 4.36364 2.14286
6 3.33333 1.2
25 4.64 3.91667
3 2 1
6 4 1.6
12 4.66667 2.45455
3 2 1
22 4.63636 2.61905
3 2 1
18 4.77778 3.17647
20 4.7 2
9 3.55556 1.5
8 4 1.57143
2 1 1
7 3.42857 1.66667
9 3.77778 1.5
8 3.5 1.14286
6 3.33333 1.2
13 4.15385 1.58333
11 4.72727 2.7
12 3.83333 1.36364
4 2.5 1
53 4.90566 5.5
5 4 1.75
5 4 1.75
6 3.33333 1.2
7 3.71429 1.83333
8 3.5 1.71429
2 1 1
9 3.77778 1.5
2 1 1
11 4 1.5
5 2.8 1
6 3.33333 1.2
9 3.55556 1.25
8 3.25 1
10 4 2
7 3.14286 1
5 3.2 1.5
18 4.66667 2.35294
8 3.5 1.14286
13 4.30769 2.91667
11 4.18182 1.5
15 4.53333 1.71429
7 3.42857 1.16667
15 4.13333 2.28571
13 4.61538 2.16667
42 4.42857 1.85366
7 3.42857 1.66667
41 4.58537 2.725
9 3.33333 1
8 3.75 1.71429
30 4.66667 2.10345
24 4.75 2.47826
15 3.86667 1.21429
4 2.5 1
9 3.33333 1
12 4.33333 1.90909
9 3.77778 1.25
17 4 2.1875
4 3 1.33333
12 4.16667 2.18182
10 3.6 1.22222
9 3.33333 1
8 3.75 1.71429
12 3.83333 1.36364
19 5.15789 2.33333
18 4.33333 2.82353
23 4.52174 1.90909
17 4.23529 1.5
24 4.41667 3.3913
5 3.2 1.25
31 4.58065 3.3
11 3.81818 1.3
5 3.2 1.25
12 4.66667 1.72727
14 4 2.15385
19 4.63158 2.16667
18 4.33333 2.58824
10 3.8 2.11111
8 3.5 1.42857
12 4 1.72727
15 4.4 1.64286
22 4.36364 2.04762
18 4.33333 3.23529
27 4.59259 3.07692
3 2 1
7 3.42857 1.16667
20 4.4 3.21053
33 4.54545 3.46875
14 4.57143 2.53846
17 4.11765 1.875
10 4.2 2.22222
9 3.77778 1.5
5 2.8 1
42 4.7619 3.07317
10 4.2 1.88889
3 2 1
11 4 2.5
8 3.5 1.14286
30 4.93333 3.27586
23 5.47826 4.27273
12 4.33333 2.27273
12 3.66667 1.27273
7 3.71429 1.66667
12 5.16667 2.36364
7 3.71429 1.5
37 4.7027 5.16667
18 4.33333 1.94118
12 4 2.18182
12 4.16667 1.90909
3 2 1
9 4.22222 2.625
20 4.3 2.68421
8 4.25 2.28571
4 3 1.33333
2 1 1
17 4.35294 1.8125
18 4.11111 2.23529
15 3.86667 1.42857
11 4.18182 2.5
8 4 1.85714
34 4.94118 2.48485
18 4.55556 3.05882
13 4.46154 3.25
21 4.47619 2
10 4.4 2
11 4 1.5
22 4.09091 1.42857
5 3.2 1.5
3 2 1
14 4.28571 1.76923
16 4.875 3
12 4.66667 2.90909
6 4 1.8
34 4.47059 2.33333
17 4.82353 2.5
20 4.8 3.42105
15 4 2.57143
22 5 3.95238
14 4.57143 2.23077
6 4 1.8
13 4.76923 2.16667
11 4.18182 2.8
24 4.91667 2.08696
11 4.54545 2.1
4 3 1.33333
22 5.09091 3.19048
6 4 1.6
12 4.5 1.72727
6 3.66667 1.4
14 4.42857 1.76923
15 4.13333 2.35714
25 4.32 2.08333
5 2.8 1
5 3.2 1.25
21 4.38095 3
12 4.16667 1.36364
15 4.93333 1.92857
28 4.64286 4.07407
33 4.78788 3.59375
20 4.5 2.84211
12 4.83333 2.90909
11 4 2.5
6 3.66667 1.8
27 4.88889 2.46154
19 4.63158 2.72222
8 3.75 1.85714
17 4.35294 1.875
11 4.18182 2.2
35 4.45714 2.76471
26 5 4.36
24 4.5 2.6087
24 4.83333 2.78261
13 4.15385 2.25
8 3.5 1.57143
25 5.04 5.58333
21 4.66667 2.5
12 4 1.72727
19 4.31579 3.11111
25 4.48 3.20833
25 5.2 2.83333
4 3 1.33333
26 4.30769 1.92
15 4.66667 1.78571
20 5 2.31579
14 4.71429 3.07692
30 4.4 1.82759
18 4.11111 2.11765
19 5.05263 4.55556
13 4.92308 2.66667
21 4.28571 2.85
13 4.46154 1.75
27 4.51852 3.11538
24 4.41667 3
37 4.21622 1.61111
14 4.14286 2.61538
9 3.77778 1.25
22 4.18182 1.7619
32 4.5625 3.58065
25 5.2 3.875
2 1 1
29 4.41379 2.64286
12 3.83333 1.27273
9 3.55556 1.375
24 4.16667 2.17391
17 4.58824 2.0625
47 4.76596 3.08696
48 4.66667 4
19 5.26316 2.61111
9 4.22222 1.5
19 4.73684 2.88889
25 6.16 3.45833
2 1 1
32 4.5625 2.54839
18 4 2.41176
27 4.51852 2.69231
7 3.42857 1.66667
28 4.57143 2.77778
26 4.76923 1.96
6 5 2.2
14 4.42857 2.30769
23 4.78261 3.68182
62 4.54839 2.81967
26 4.84615 2.52
24 4.66667 5.17391
8 4.75 2.28571
6 4 1.6
10 4.8 2.66667
8 3.5 1.42857
11 4.18182 1.4
17 4.35294 2.125
23 4.86957 3.81818
11 4.54545 2.3
17 4.82353 3.3125
16 5.125 2.53333
11 4.72727 3
21 4.66667 4.45
16 4.5 2.53333
12 5.16667 2.72727
25 4.72 3.125
14 4.28571 2.15385
37 4.75676 3.19444
7 4.28571 2.16667
8 4.25 1.71429
32 4.6875 2.3871
7 4.85714 2.16667
54 4.88889 4.69811
39 4.66667 3.21053
22 4.63636 1.85714
38 5.21053 2.7027
12 4.16667 2.18182
20 4.5 1.84211
34 4.70588 1.69697
9 4 1.875
11 3.63636 1.1
12 4.16667 1.63636
13 4 1.5
18 4.88889 2.52941
19 4.21053 1.5
13 4 2.33333
45 4.88889 2.86364
31 4.58065 2.06667
34 4.94118 3
26 4.61538 2.28
44 4.77273 3.5814
40 5.2 3.94872
4 3 1.33333
20 5 2.73684
21 4.7619 1.9
27 4.2963 1.80769
7 3.71429 1.33333
21 5.2381 5.05
17 4.82353 1.9375
4 2.5 1
35 4.97143 2.91176
40 4.65 2.89744
42 4.85714 2.4878
24 5 2.91304
11 4.18182 1.6
43 4.55814 2.04762
28 5 3.62963
23 5.13043 3.31818
4 2.5 1
11 4.54545 2
5 3.2 1.5
11 4.54545 2.1
13 4.92308 1.91667
8 3.5 1.42857
7 4 1.5
29 4.96552 3.92857
18 4.55556 2.47059
44 4.77273 2.81395
20 4.5 2.31579
21 4.85714 2.25
37 4.86486 2.05556
50 5.4 2.69388
28 5.28571 2.55556
45 5.11111 2.54545
31 4.64516 2.1
17 4.11765 1.875
17 4.82353 2.875
7 3.42857 1.33333
13 4.15385 1.5
22 4.54545 2
14 5 2.07692
54 4.92593 3.16981
6 3.33333 1.4
7 3.42857 1.16667
2 1 1
4 2.5 1.33333
6 3.33333 1.2
2 1 1
4 3 1.33333
23 5.73913 4.63636
8 4 1.85714
10 4.2 2
7 3.71429 1.33333
14 4.57143 1.76923
34 4.52941 3.78788
26 4.84615 4
22 4.81818 2.71429
19 4.63158 2.22222
27 4.66667 2.03846
28 4.42857 2.18519
21 5.04762 2.05
6 3.33333 1.6
16 5 3.33333
48 4.75 3.87234
31 4.70968 2.06667
23 5.30435 3.95455
12 4.5 2.81818
8 4.25 1.57143
30 4.73333 1.96552
43 5.2093 3.54762
20 4.6 2.68421
22 4.54545 2
35 4.8 1.94118
11 4.18182 1.4
49 4.89796 4.4375
24 5.66667 5.91304
47 4.68085 1.80435
4 2.5 1
11 4 1.7
4 3 1.33333
7 3.42857 1.16667
9 3.77778 1.75
46 5.47826 2.77778
4 2.5 1.33333
12 3.83333 1.18182
4 2.5 1
17 4.11765 1.875
2 1 1
5 2.8 1
7 4 2
5 2.8 1
5 2.8 1
7 3.42857 1.16667
4 2.5 1
6 3.33333 1.2
10 4.2 1.55556
4 2.5 1
10 3.8 1.33333
2 1 1
5 3.2 1.25
7 3.42857 1.33333
8 4 1.42857
5 3.2 1.25
8 4.25 1.71429
9 4.66667 2.25
3 2 1
2 1 1
6 4 1.6
5 3.2 1.5
4 3 1.33333
5 2.8 1
10 4.2 1.66667
4 2.5 1
3 2 1
4 3 1.33333
7 3.42857 1.33333
4 3 1.33333
5 3.2 1.75
6 4 1.6
11 5.81818 3.2
6 4 1.6
6 3.33333 1.2
6 3.66667 1.4
9 3.55556 1.125
7 4 1.66667
9 3.77778 1.25
6 3.33333 1.4
5 2.8 1
4 2.5 1.66667
11 3.81818 1.3
5 2.8 1
4 2.5 1
4 3 1.33333
5 3.2 1.25
6 3 1.2
6 3 1
9 3.77778 1.875
28 4.92857 2.77778
14 4.14286 2.46154
4 2.5 1
23 4.26087 2.72727
12 4.33333 2.54545
7 3.71429 1.33333
18 5.66667 3.58824
8 3.75 1.42857
7 3.42857 1.5
5 3.2 1.25
4 2.5 1
16 4.625 2.06667
4 3 1.33333
7 4 2
5 2.8 1
14 4.14286 2
4 3 1.33333
11 4.72727 2.6
18 4.66667 2.47059
7 4 1.83333
7 4.28571 2.33333
4 3 1.33333
10 3.6 1.44444
8 4.25 1.85714
12 4.66667 2
9 4.22222 2.375
3 2 1
6 3.33333 1.4
10 3.8 1.66667
10 4.4 2
6 3 1
13 4.30769 1.58333
5 2.8 1.25
8 5 2.28571
4 3 1.33333
5 3.2 1.25
5 3.2 1.25
3 2 1
27 4.51852 5.30769
2 1 1
3 2 1.5
2 1 1
36 4.44444 2.05714
16 4.5 2.53333
7 3.14286 1
10 4.2 1.55556
34 4.47059 1.93939
5 4 1.75
3 2 1
13 4 1.5
35 4.68571 2.47059
39 4.66667 2.44737
3 2 1
11 3.63636 1.1
21 3.90476 1.25
12 4.16667 1.36364
13 4 1.58333
4 3 1.33333
4 2.5 1
16 4.375 1.6
24 4.66667 2.30435
18 4.88889 2.64706
7 3.42857 1.33333
14 4.28571 2.38462
5 2.8 1
26 4.69231 2.24
7 4.85714 2.33333
11 4 1.6
12 3.83333 1.45455
5 2.8 1
28 4.71429 1.96296
24 4.25 2.56522
13 4 1.41667
4 3 1.33333
10 3.8 1.22222
12 4.33333 1.54545
10 3.8 1.44444
23 4.26087 1.63636
18 4.33333 1.70588
9 3.77778 2
15 4 1.78571
24 4.58333 2.17391
42 4.80952 4.53659
30 4.4 3.68966
9 3.77778 1.25
3 2 1
31 4.51613 1.73333
15 4.66667 3.21429
13 4.61538 1.66667
40 4.7 2.20513
7 3.14286 1
14 4.28571 1.46154
45 4.93333 5.88636
4 3 1.33333
18 4.33333 1.64706
2 1 1
16 4.25 1.8
20 4.4 1.84211
16 4.75 2.4
28 4.85714 3.03704
18 4.33333 2.64706
20 4.2 1.68421
17 4.23529 2.1875
54 4.88889 4.5283
28 4.5 2.11111
27 5.03704 2.96154
26 4.76923 2.56
14 4.14286 1.92308
11 4.54545 1.6
14 4 1.69231
22 4.54545 2.80952
21 4.38095 2.35
12 4.66667 1.90909
25 4.56 2.58333
20 4.9 3.26316
3 2 1.5
26 4.61538 1.72
6 4 2
4 3 1.33333
11 4.72727 2.2
9 3.77778 1.25
4 2.5 1.33333
17 4.23529 2.3125
7 4 1.83333
43 4.55814 3.33333
18 4.33333 1.70588
20 5.5 2.31579
21 5.42857 3.35
17 4.70588 3.375
8 4.75 2.42857
17 5.64706 3.0625
10 3.8 1.33333
8 5 2.57143
7 3.42857 1.16667
34 4.76471 3.48485
7 4 1.5
38 4.63158 1.89189
23 4.43478 2.18182
6 3.66667 1.4
9 3.55556 1.25
7 3.14286 1
4 2.5 1
6 3 1.2
6 4 2
9 3.55556 1.125
6 3.33333 1.6
15 4.26667 2.21429
10 4 1.88889
15 4.53333 3.21429
14 4.85714 2.38462
18 4.66667 2.05882
8 4 1.57143
12 4 1.36364
11 4.72727 1.9
10 4 1.33333
3 2 1
7 3.42857 1.16667
7 3.42857 1.33333
14 4.28571 1.92308
32 4.5 2.77419
23 4.52174 1.86364
8 3.5 1.28571
15 4.13333 1.71429
34 4.70588 3.48485
13 4.15385 2.16667
15 4.13333 2
15 4.26667 3.07143
11 3.81818 2.2
11 3.81818 1.3
5 3.2 1.25
4 2.5 1
3 2 1
6 3 1
15 4.8 2.28571
11 4.54545 1.9
6 3.33333 1.2
12 3.83333 1.27273
12 4.66667 2
17 4.47059 1.9375
10 4.8 2.66667
10 4 1.55556
6 3.33333 1.2
2 1 1
19 4.42105 2.05556
27 5.18519 3.73077
20 4.4 2.21053
13 3.84615 1.33333
15 4.13333 1.64286
26 4.23077 3.72
15 4.4 3.71429
7 3.42857 1.16667
25 4.64 2.625
5 4 1.75
8 4.25 2.42857
8 3.5 1.57143
5 2.8 1
6 3.33333 1.2
7 4 1.5
9 3.77778 1.25
34 4.35294 2.24242
24 4.58333 1.95652
26 5.23077 4.92
7 3.42857 1.16667
8 3.5 1.57143
14 4 1.38462
37 4.54054 3.83333
6 3.33333 1.2
16 4.375 2.46667
7 4.85714 2
10 4.8 2.77778
11 4.36364 2.5
17 4.70588 2.25
31 4.70968 2.8
8 3.25 1
15 4.4 1.57143
13 4.46154 3.25
9 4 1.5
29 6.06897 7.21429
3 2 1
17 4.70588 3.375
7 3.42857 1.33333
11 4.72727 3.4
19 4 1.94444
22 5.18182 2.90476
16 4.25 1.86667
10 4.2 1.44444
9 4 2.375
8 3.5 1.28571
6 3.33333 1.6
15 4 1.5
12 4 2.18182
13 4.61538 3
11 4.54545 2.7
10 4.6 2
3 2 1.5
13 4.15385 1.66667
7 4 1.5
6 3.33333 1.6
6 4 2
4 3 1.33333
12 4.83333 2.36364
9 4.22222 1.5
11 4.18182 2.5
11 3.81818 1.2
5 2.8 1
6 3.33333 1.6
8 3.75 1.42857
4 3 1.33333
4 3 1.33333
12 4.5 2
10 4.6 2.55556
10 4 1.33333
7 4.28571 1.66667
7 3.42857 1.33333
8 4 1.71429
7 4 1.5
12 4.5 2.63636
8 3.25 1
13 4.92308 2
11 4.18182 1.5
15 4.53333 1.92857
19 4.31579 2.22222
7 3.71429 1.5
15 3.86667 1.64286
8 3.5 1.42857
8 3.5 1.14286
49 4.81633 2.79167
32 4.8125 4.45161
7 3.71429 1.5
50 4.8 5.32653
34 4.35294 2.51515
11 4.36364 2.3
30 5.06667 4.24138
12 4.33333 2.09091
9 4 2
5 3.2 1.25
5 3.2 1.5
5 3.2 1.5
17 4.35294 2.5
31 4.90323 2.23333
29 5.58621 3.57143
43 4.69767 4.92857
8 4.25 1.57143
12 4.5 3.27273
14 4.28571 1.76923
8 4.75 2.28571
24 4.66667 2.08696
8 3.5 1.28571
29 4.75862 4
14 4.42857 2.84615
9 4.66667 2.125
23 4.78261 2.81818
25 4.56 4.16667
15 4.66667 2.57143
38 4.47368 3.43243
28 4.57143 2.22222
10 4.2 2.66667
26 4.38462 1.72
30 4.66667 3
33 4.60606 3.4375
9 4 2.125
8 3.75 1.42857
17 4.35294 1.4375
36 4.55556 3.71429
21 4.95238 4.25
6 3.33333 1.2
13 4.61538 1.83333
6 3.33333 1.4
17 5.05882 2.25
20 5 3.21053
6 3.33333 1.6
9 4.22222 1.875
14 4.14286 1.61538
13 4.15385 2.83333
6 4 1.6
22 4.27273 1.66667
20 4 1.68421
15 4.13333 1.35714
8 3.75 2
19 4.63158 3.11111
11 4.54545 3
12 4.5 1.63636
6 3.66667 1.8
6 3.33333 1.6
3 2 1
7 4 1.66667
12 4 1.45455
8 3.5 1.14286
5 3.2 1.25
10 4.2 2.11111
21 4.47619 2.35
4 3 1.33333
11 4.36364 2.3
7 3.42857 1.66667
16 4.125 1.6
8 3.5 1.28571
38 4.52632 2.7027
12 3.66667 1.36364
3 2 1
4 2.5 1.33333
11 3.81818 1.8
3 2 1
6 5 2.2
7 4.28571 2.33333
7 4.28571 2.33333
4 3 1.33333
4 3 1.33333
14 5.14286 2.84615
6 3.66667 1.8
30 4.53333 3.72414
15 5.06667 3.21429
6 3.66667 1.8
11 3.63636 1.4
27 5.85185 5.34615
4 3 1.33333
42 4.57143 3.19512
28 4.28571 2.88889
13 4.15385 2.16667
6 4 1.6
10 4.6 2.33333
15 5.06667 3.78571
27 4.81481 3.5
23 4.26087 2.27273
9 3.33333 1
29 4.68966 1.82143
10 4 1.33333
17 4.58824 1.75
10 4.8 1.77778
14 4.28571 1.69231
16 5 2.13333
11 4.18182 1.9
27 4.96296 3.80769
9 3.77778 1.625
11 4.18182 1.5
24 5 3
30 4.53333 1.75862
9 4.66667 2.375
12 4.5 2.72727
14 4.14286 1.84615
5 2.8 1.25
9 4 2
14 4.57143 2.46154
8 3.75 1.42857
6 4 2
16 4.25 1.73333
35 5.77143 5.91176
15 4.93333 2
12 3.83333 1.45455
13 3.84615 1.16667
11 4.18182 1.4
16 3.875 1.2
8 4.25 1.57143
11 4 1.6
5 3.2 1.25
15 4 2.42857
20 4.4 1.94737
10 4.6 2.33333
36 4.61111 3.05714
9 3.33333 1
10 4.2 2.22222
5 3.2 1.5
9 4 1.375
8 3.5 1.28571
15 4.26667 1.92857
10 4.4 2.66667
13 4.76923 3.08333
13 4.46154 1.66667
31 4.70968 3.86667
5 3.2 1.25
15 4.93333 1.85714
43 4.74419 2.59524
20 4.8 2
9 4 2
18 4 2.29412
12 4 1.54545
11 4.54545 1.7
8 4.75 2.57143
21 4.66667 2.35
6 3.33333 1.6
4 3 1.33333
16 4.125 1.6
9 3.55556 1.75
4 2.5 1
17 4.23529 1.75
24 4.33333 2.91304
10 4.2 1.44444
7 4.85714 2
21 4.85714 2.1
32 4.5625 2.06452
6 3.33333 1.2
26 4.23077 1.96
23 4.52174 3.27273
28 4.5 1.96296
10 4.8 2.11111
10 4.2 2.77778
7 3.71429 1.66667
7 3.71429 1.5
14 4.28571 1.76923
15 4.4 1.71429
8 3.5 1.14286
17 4.23529 2.375
8 3.5 2.28571
18 4.77778 2.41176
11 4.54545 2.2
26 4.84615 3
28 4.85714 5.48148
10 3.6 1.55556
27 4.74074 2.15385
20 4.7 1.94737
13 4 1.25
10 3.8 1.55556
17 4.11765 2
9 3.55556 1.125
16 4.125 1.93333
5 2.8 1
33 4.90909 6.3125
18 4.22222 1.94118
4 2.5 1
11 4.72727 1.9
21 4.38095 1.55
13 4.61538 1.66667
11 3.81818 1.3
4 3 1.33333
4 3 1.33333
13 4.15385 2.16667
6 4 1.6
7 3.42857 1.16667
24 4.66667 2.13043
8 4 1.85714
14 4.14286 1.38462
10 4.2 2
5 4 1.75
7 3.71429 1.5
18 4.77778 2.64706
29 4.27586 4.03571
22 4.63636 1.7619
8 3.75 1.28571
16 4.25 2.33333
15 3.86667 1.64286
14 4.71429 2
12 5.33333 3
7 3.42857 1.16667
5 3.2 1.25
5 3.2 1.25
5 2.8 1
26 4.38462 2.32
8 4.25 1.57143
7 3.42857 1.16667
11 3.81818 1.4
16 4.875 1.73333
8 3.75 1.28571
19 4.63158 2.72222
14 4.42857 2.15385
12 5 2.18182
6 3.33333 1.2
6 3.66667 1.4
21 4.28571 3.05
12 4.33333 2.18182
10 4.6 2.44444
3 2 1
8 4 1.71429
38 4.52632 2.75676
4 2.5 1
20 4.2 2
18 4.66667 3.94118
3 2 1
8 4.25 1.85714
16 4.5 2.2
22 4.81818 2.80952
7 4 1.66667
13 4 2.25
21 4.57143 2.7
17 4.58824 2.1875
8 4.25 1.71429
8 3.75 1.42857
7 3.42857 1.33333
11 4 2.5
11 4.18182 1.4
43 4.88372 4.02381
6 3.33333 1.2
5 4 1.75
17 4.35294 1.875
13 4.76923 3.5
41 5.07317 5.4
31 4.51613 2.03333
38 4.73684 4.08108
13 5.07692 3.41667
15 3.86667 1.5
7 4 1.83333
25 4.64 3.41667
6 4 2
12 3.83333 1.63636
14 4 1.46154
15 4.13333 1.57143
18 4.66667 2.41176
16 4.375 2.66667
13 4.15385 1.66667
13 4 1.83333
10 4 1.77778
30 4.53333 2.75862
8 3.75 1.28571
17 4.47059 1.9375
7 3.42857 1.5
12 4.5 2.36364
10 4.2 1.77778
7 4 1.5
23 4.78261 2.77273
38 4.52632 1.72973
19 4 1.61111
21 5.04762 2.7
6 3.33333 1.4
9 4 1.5
9 3.77778 2
21 4.19048 3.25
8 4 1.85714
6 3.33333 1.6
20 5.1 2.26316
21 4.28571 2
44 4.72727 5.83721
26 4.30769 3.04
33 4.48485 2.1875
12 4.66667 1.63636
6 3 1
3 2 1.5
4 2.5 1
3 2 1
10 3.6 1.33333
17 4.58824 1.8125
21 4.19048 2.3
6 3 1
8 3.75 1.42857
7 4 1.5
6 3 1
15 4.26667 2.21429
3 2 1.5
7 3.42857 1.16667
5 2.8 1
5 2.8 1
6 3.33333 1.2
8 3.5 1.42857
3 2 1
7 3.42857 1.16667
2 1 1
6 4 1.6
4 2.5 1
8 3.5 1.14286
7 3.14286 1
5 4 1.75
5 2.8 1
20 5.1 2.21053
4 3 1.33333
6 3 1
7 3.42857 1.16667
4 2.5 1
6 3 1
4 3 1.33333
4 2.5 1.66667
4 2.5 1
6 3.33333 1.2
7 3.71429 1.66667
8 3.75 1.28571
5 3.2 1.25
3 2 1
7 3.71429 1.5
3 2 1
7 4 1.83333
3 2 1
5 2.8 1
8 3.5 1.42857
6 3.33333 1.2
3 2 1
7 3.42857 1.16667
6 3.33333 1.2
4 2.5 1
5 2.8 1
5 3.2 1.25
4 2.5 1
6 3 1
4 3 1.33333
6 3 1.4
7 4 2
11 4 1.3
3 2 1
4 2.5 1
5 3.2 1.25
5 2.8 1
2 1 1
5 2.8 1.25
8 3.75 1.28571
3 2 1
6 3.33333 1.2
9 4 1.375
3 2 1
4 2.5 1
10 4.2 1.66667
18 4.66667 2.76471
8 3.25 1
2 1 1
5 3.2 1.5
5 4 1.75
3 2 1
7 3.42857 1.5
8 5.75 2.71429
5 3.2 1.5
7 3.71429 1.33333
7 4 1.5
8 3.5 1.28571
6 5 2.2
9 3.55556 1.625
5 2.8 1
8 3.5 1.28571
18 4.11111 1.52941
13 4.30769 2.08333
6 3 1
5 3.2 1.25
10 3.6 1.11111
8 4 1.85714
2 1 1
5 4 1.75
4 2.5 1
9 3.33333 1
7 3.42857 1.5
11 4.18182 2
4 3 1.33333
6 3.33333 1.4
3 2 1.5
11 4.18182 1.5
3 2 1.5
5 4 1.75
8 3.5 1.28571
7 3.42857 1.16667
4 2.5 1
7 3.42857 1.16667
4 3 1.33333
6 3.33333 1.2
13 4 1.25
7 3.71429 1.33333
10 4 2.33333
5 4 1.75
10 4.2 1.55556
3 2 1
6 3.33333 1.6
7 4 1.83333
12 3.83333 2.09091
6 3 1
8 3.75 1.28571
6 3.33333 1.4
7 4 1.66667
2 1 1
7 3.42857 1.16667
9 3.77778 1.25
4 3 1.33333
2 1 1
10 4.2 2.22222
6 3.33333 1.6
6 4 1.6
10 3.8 1.66667
3 2 1
14 4.14286 1.46154
5 2.8 1.5
4 3 1.33333
4 3 1.33333
7 3.42857 1.5
6 3 1
6 3.33333 1.2
8 5.75 3
11 3.63636 1.3
7 3.42857 1.5
6 3.33333 1.4
7 3.14286 1
4 2.5 1.66667
7 3.42857 1.16667
5 3.2 1.25
5 3.2 1.5
9 3.77778 1.25
4 2.5 1.33333
3 2 1
9 3.55556 1.375
6 4 1.6
11 5.45455 2.9
11 4.72727 2.3
5 3.2 1.25
8 4 1.85714
6 3.33333 1.2
5 3.2 1.25
7 3.42857 1.16667
4 2.5 1
13 4.30769 1.66667
3 2 1
8 3.5 1.28571
4 3 1.33333
5 2.8 1
9 4.88889 1.875
6 3.33333 1.2
4 3 1.33333
5 2.8 1
8 4 1.71429
4 3 1.33333
5 2.8 1
3 2 1
4 2.5 1
9 4 2.125
10 3.6 1.77778
2 1 1
4 2.5 1
9 3.55556 1.125
12 3.83333 1.54545
10 4.2 1.44444
7 4 1.66667
6 3.33333 1.4
6 3.33333 1.4
13 4.15385 1.33333
5 3.2 1.5
3 2 1
6 3.66667 1.8
4 2.5 1
10 4 1.55556
5 4 1.75
5 3.2 2.25
7 4.85714 2.33333
7 3.42857 1.16667
8 3.75 1.28571
35 4.28571 1.55882
6 4 2
8 4.25 1.71429
5 3.2 1.5
10 3.8 1.77778
5 3.2 1.5
16 4.125 1.6
5 4 1.75
9 4.22222 1.5
4 2.5 1
5 4 1.75
7 4 1.66667
6 3.33333 1.6
7 3.42857 1.16667
4 3 1.33333
5 2.8 1
7 3.42857 1.5
5 2.8 1
8 3.75 1.57143
14 3.85714 1.38462
7 3.42857 1.16667
4 2.5 1
6 3.33333 1.4
5 3.2 1.25
11 4.18182 1.6
7 4 1.5
2 1 1
5 4 1.75
7 3.71429 1.33333
6 3.33333 1.2
9 3.55556 2
7 4 1.5
6 3 1
5 3.2 1.5
4 2.5 1
4 2.5 1
6 3.66667 1.4
6 4 2
3 2 1
7 4.85714 2.5
14 4 1.61538
6 3.33333 1.2
6 3.66667 1.4
3 2 1
11 4.18182 2.6
8 3.75 2
6 3.33333 1.6
9 3.55556 1.125
11 4.54545 2.6
13 4.30769 1.66667
9 4 2.125
10 3.8 2
10 4 1.66667
6 3 1
7 3.42857 2.16667
10 3.4 1
3 2 1
9 4.22222 1.5
3 2 1
4 3 1.33333
5 4 1.75
4 3 1.33333
3 2 1
5 3.2 1.25
8 4 1.71429
19 5.36842 4.16667
3 2 1
6 4 1.6
7 3.42857 1.5
9 3.77778 1.5
4 3 1.33333
5 2.8 1
5 3.2 1.5
5 2.8 1
6 3.66667 1.8
5 3.2 1.5
12 3.66667 1.27273
5 3.2 2
3 2 1
4 3 2
10 4.4 1.55556
5 3.2 1.25
12 4 1.72727
14 4 1.84615
3 2 1
4 3 2
5 2.8 1.25
6 4 1.6
11 4.18182 1.8
8 3.5 1.57143
3 2 1
7 3.42857 1.16667
8 3.5 1.28571
11 3.63636 1.1
3 2 1
4 2.5 1
8 4 1.71429
4 3 1.33333
10 3.8 1.77778
5 3.2 1.5
7 4 1.5
9 4.22222 2
6 3.33333 1.2
9 3.55556 1.375
8 4 1.71429
6 3.33333 1.4
5 2.8 1
5 3.2 1.25
6 3.33333 1.2
9 3.77778 1.75
3 2 1
8 3.75 1.28571
9 3.77778 1.375
4 3 1.33333
4 2.5 1.66667
5 3.2 1.25
3 2 1
7 3.42857 1.16667
6 3.66667 1.8
2 1 1
6 3 1
8 3.5 1.42857
3 2 1
7 3.71429 2
6 3 1
6 4 2
10 4.6 2.66667
5 3.2 1.5
3 2 1.5
6 4 1.8
2 1 1
6 3.33333 1.2
4 2.5 1
4 3 1.33333
6 3 1
6 3 1
4 2.5 1
6 3.33333 1.4
4 3 1.33333
6 4 2
6 3.33333 1.6
4 2.5 1
7 3.71429 1.33333
5 4 1.75
4 2.5 1
6 3 1.8
3 2 1
7 3.42857 1.16667
2 1 1
3 2 1.5
2 1 1
8 3.75 1.28571
8 3.75 2
16 4 1.26667
6 3.33333 1.2
6 3.33333 1.2
5 2.8 1
7 3.42857 1.16667
7 4 1.5
6 3.33333 1.2
6 3 1
16 4.125 1.86667
5 3.2 1.25
4 3 2
3 2 1
15 4 1.71429
9 4.22222 1.75
7 3.14286 1
6 3.33333 1.2
8 4 1.42857
3 2 1
4 2.5 1.66667
5 3.2 1.5
5 3.2 1.5
6 3.66667 1.4
7 4.85714 2
16 4.75 2
5 3.2 1.25
5 3.2 1.25
16 4.375 1.66667
6 3.33333 1.2
8 4.25 2.14286
8 3.5 1.42857
7 3.14286 1
6 3.33333 1.6
4 3 1.33333
8 3.5 1.42857
3 2 1
8 3.75 1.28571
4 3 1.33333
6 3.33333 1.2
6 3.33333 1.2
8 4.25 1.57143
4 3 1.33333
5 3.2 1.5
14 4.28571 1.69231
3 2 1
7 3.42857 2.5
2 1 1
4 2.5 1.66667
16 3.875 1.4
7 3.14286 1
7 3.14286 1
8 4.25 2.14286
5 3.2 1.5
3 2 1
9 3.77778 1.625
2 1 1
6 3.33333 1.4
4 2.5 1
5 2.8 1
11 3.81818 1.7
5 3.2 1.25
2 1 1
5 3.2 1.25
10 3.8 1.33333
11 3.63636 1.2
4 2.5 1
3 2 1
8 4 1.85714
3 2 1
10 3.8 2
4 3 1.33333
3 2 1.5
8 4 1.42857
4 2.5 1
10 4.2 1.44444
9 3.55556 1.25
5 3.2 1.25
10 3.8 1.88889
16 5.125 3.46667
10 3.8 1.88889
5 3.2 1.25
8 3.5 1.14286
16 3.875 2.26667
3 2 1
14 4.14286 2.07692
12 4.5 1.72727
11 3.81818 1.4
23 4.26087 3.31818
22 4.90909 4.09524
11 3.81818 1.5
5 3.2 1.25
4 2.5 1
5 3.2 1.25
13 4 1.41667
12 4.5 1.90909
13 4.30769 1.66667
9 3.77778 1.375
5 3.2 1.5
6 3.66667 1.8
19 4.73684 2.77778
16 5.125 2.26667
10 3.6 1.44444
12 4.66667 1.90909
3 2 1
21 4.47619 3.5
5 3.2 1.25
7 4 2
13 4.15385 2.16667
3 2 1
10 4 1.33333
9 4 2.125
4 3 1.33333
16 4.25 3.06667
27 4.66667 3.73077
26 4.46154 2.64
24 4.41667 3.52174
23 4.43478 1.59091
6 3.33333 1.2
6 3.33333 1.2
5 3.2 1.5
8 3.5 1.14286
6 3.33333 1.4
8 3.5 1.28571
11 4.18182 2.5
6 3.33333 1.2
36 4.61111 4.77143
10 4.8 2.66667
3 2 1
17 4.70588 3
10 4.2 2.11111
14 4.71429 2.23077
3 2 1
10 4.8 2.88889
16 4.75 2.6
11 4 1.7
17 4.23529 2.75
9 4.88889 1.875
11 4 1.7
27 5.03704 3.23077
39 4.97436 2.94737
3 2 1
8 3.5 1.57143
8 4 1.85714
10 4.2 1.44444
11 4.36364 2.1
4 3 1.33333
13 4 1.25
8 4.25 1.85714
10 3.8 1.66667
21 4.57143 2.9
6 3.66667 1.8
11 4.18182 2.8
7 4 1.83333
16 4.25 2.66667
19 4.52632 2.27778
13 4.46154 2.08333
8 4 2.28571
19 4.52632 3.83333
4 2.5 1
20 4.4 2.21053
10 4.8 1.77778
6 5 2.2
12 4.66667 2.63636
32 4.5625 2.41935
6 5 2.2
14 4.14286 2.46154
20 4.2 3
8 3.5 1.14286
13 4.46154 2
3 2 1
2 1 1
12 4.66667 2.72727
22 4.81818 2.52381
4 3 1.33333
17 4.94118 2.9375
8 4.25 1.57143
2 1 1
18 4.33333 2.76471
17 4.47059 2.125
43 4.69767 5.85714
7 3.14286 1
3 2 1
16 5.125 3.66667
4 3 1.33333
6 4 1.6
8 4 2
8 4 1.42857
25 4.24 1.5
3 2 1
3 2 1
6 3.33333 1.2
2 1 1
4 3 1.33333
14 4.57143 2.69231
5 2.8 1
9 5.55556 3.25
14 4.57143 2.15385
12 4.5 1.54545
8 4 1.57143
3 2 1
2 1 1
5 2.8 1
8 3.5 1.42857
7 3.42857 1.66667
13 3.84615 1.75
12 4.16667 2.27273
2 1 1
6 3 1
12 4.66667 1.63636
12 4.66667 2.81818
13 4.76923 2.66667
20 4.6 2.10526
3 2 1
7 4.85714 2.16667
8 4 1.71429
3 2 1
13 4 1.33333
12 4.16667 2.18182
6 3.33333 1.2
7 4 1.5
8 3.75 1.85714
15 4.26667 2.42857
18 4.66667 2.94118
12 5.66667 3.72727
4 2.5 1
4 3 1.33333
13 5.07692 2.75
4 3 1.33333
7 3.14286 1
28 5.5 3.22222
9 5.55556 2.75
5 2.8 1
7 4 2.16667
4 3 1.33333
16 4.375 2
5 3.2 1.5
5 3.2 1.25
4 2.5 1
6 5 2.2
8 4 2.14286
8 3.5 1.14286
3 2 1
7 4 2.16667
4 2.5 1
7 3.71429 1.66667
11 4.72727 2.3
33 5.0303 2.78125
9 3.55556 1.75
13 4.76923 1.83333
20 4.6 2.73684
10 3.8 1.22222
6 4 1.6
10 3.6 1.33333
10 4 2
30 4.86667 2.24138
5 3.2 1.25
25 5.36 2.79167
5 2.8 1
13 4.30769 3
9 4.22222 1.625
7 3.42857 1.33333
12 3.83333 1.72727
10 4.2 1.44444
9 4 1.375
11 4.90909 2.8
4 2.5 1
7 3.42857 1.16667
5 2.8 1
4 2.5 1
10 3.6 1.11111
6 3.33333 1.4
9 3.55556 1.125
12 4 2.27273
2 1 1
12 4.33333 1.45455
3 2 1
3 2 1
2 1 1
12 4.33333 2.45455
37 4.91892 3.77778
4 2.5 1
16 4.125 1.66667
14 4.14286 2.23077
13 4.61538 2.58333
3 2 1
26 5 5.4
12 4.33333 1.63636
8 4.25 2.14286
7 4.28571 1.66667
17 4.11765 2
22 4.90909 3.14286
9 3.77778 1.25
19 4.42105 2.33333
7 3.71429 1.83333
3 2 1
7 4.85714 2.33333
14 4.42857 1.61538
15 4.8 2.28571
9 3.77778 1.875
19 4.42105 1.77778
23 4.78261 2.72727
5 2.8 1
3 2 1
4 2.5 1
3 2 1
8 4 2.28571
9 3.55556 1.125
3 2 1
8 3.75 1.28571
15 4.53333 2.5
17 4.58824 2.125
21 4.95238 3.05
13 4.61538 1.91667
7 4 2
4 3 1.33333
8 3.75 1.71429
22 4.81818 3.57143
4 3 1.33333
35 4.62857 5.26471
15 3.86667 1.64286
7 3.14286 1
5 4 1.75
15 4.93333 2.71429
9 4.22222 2.125
2 1 1
4 3 1.33333
20 4.7 4.10526
19 4.73684 2.16667
17 4.11765 1.5
10 3.8 1.88889
9 4.22222 2
14 4.14286 1.76923
11 4.18182 1.8
3 2 1.5
10 4 1.66667
16 3.875 1.8
13 4.30769 1.66667
9 3.77778 1.375
7 3.42857 1.16667
11 3.45455 1
6 3.33333 1.2
6 3.66667 1.8
23 4.78261 3.54545
3 2 1
9 3.33333 1
42 4.90476 5.17073
7 3.71429 1.66667
9 3.55556 1.5
12 4.66667 2
7 3.14286 1.16667
8 3.75 1.28571
27 4.66667 4
7 4.28571 2.33333
20 5.1 3.94737
41 4.68293 2.975
13 4 1.83333
12 4.33333 2.72727
4 3 1.33333
10 4.2 2.11111
6 3.33333 1.2
14 4.71429 2.76923
25 4.64 2.75
12 4.16667 1.72727
19 4.52632 3.05556
6 3.33333 1.6
11 3.81818 1.4
11 4.18182 1.9
20 4.2 3.10526
8 3.5 1.42857
31 4.77419 4.8
15 4.26667 2.64286
22 4.27273 1.66667
13 4 1.66667
8 4 2
12 3.83333 1.27273
6 3.66667 1.4
12 4 2.36364
12 4 1.45455
14 4.57143 2.30769
17 4.94118 2.875
9 4.22222 2.75
9 4.88889 2.25
5 2.8 1
5 2.8 1
18 4.33333 1.58824
22 4.81818 3.61905
6 3.33333 1.2
14 4.71429 2.76923
14 4.71429 3
3 2 1
21 4.66667 2.05
28 4.71429 3.11111
16 4.625 1.8
23 4.34783 1.77273
30 4.4 2.96552
4 2.5 1.33333
29 4.34483 3.75
5 3.2 1.25
16 4.375 2.33333
8 4 1.85714
14 4.14286 1.61538
27 4.88889 2.38462
6 3.33333 1.2
15 4 2.07143
11 4 1.6
12 4.16667 1.36364
16 4.25 1.4
9 4.22222 1.75
7 3.42857 1.5
24 4.16667 2.08696
9 4 1.625
8 4 1.85714
11 4.54545 1.9
6 3.33333 1.6
8 3.25 1
10 3.8 1.44444
3 2 1
3 2 1
32 4.6875 3.19355
26 4.61538 2.96
23 4.6087 2.45455
32 4.375 3.67742
25 4.72 3
15 5.73333 4.07143
5 2.8 1
3 2 1
8 3.5 1.28571
12 4.16667 1.72727
9 3.55556 1.125
17 4.82353 2.125
9 4 2
5 3.2 1.25
10 4.6 1.66667
5 3.2 1.25
9 3.77778 1.625
6 3 1
10 3.8 1.55556
5 3.2 1.25
5 3.2 1.5
5 2.8 1
49 4.81633 2.9375
4 3 1.33333
6 3 1
5 4 1.75
14 4.57143 1.76923
15 4.26667 2.5
4 2.5 1
23 4.95652 2.90909
13 4.30769 2.25
14 4 1.38462
11 4 1.3
7 4 2
16 4.25 3.13333
9 4.22222 1.5
16 4.25 1.86667
18 4.55556 1.76471
33 4.60606 4.1875
28 4.28571 1.74074
6 3.33333 1.4
23 4.34783 2.04545
30 5.4 3.2069
16 4.25 2.93333
11 5.27273 2.7
9 3.55556 1.125
10 3.6 1.33333
18 4.44444 1.76471
15 4.4 2.85714
14 4.42857 1.76923
25 4.4 2.83333
7 4 1.83333
8 4.25 1.71429
17 4 2.0625
6 3.66667 1.8
17 4.58824 3.5
16 4.375 3.66667
13 4.61538 2.41667
25 4.8 2.5
13 4.15385 2.16667
10 3.8 1.33333
8 3.75 1.85714
13 4.61538 2.41667
8 4.75 2.14286
10 4.2 2.33333
18 5 3.58824
10 4.6 2.11111
7 3.42857 1.33333
18 4.55556 2.23529
5 3.2 1.25
7 3.71429 1.66667
7 4 1.83333
6 4 2
13 5.07692 3.58333
8 4 2
5 4 1.75
9 4 1.625
6 3.66667 1.8
14 4.57143 2.15385
13 4.46154 2.16667
10 4.6 2.11111
19 5.05263 2.44444
15 4.4 1.78571
7 3.14286 1
11 4.18182 2.4
10 3.8 1.33333
17 4.47059 2
8 4 2
4 3 1.33333
5 3.2 1.25
5 3.2 1.25
21 5.90476 3.5
9 4.66667 2.125
8 4.75 2.42857
9 3.77778 1.25
11 4.36364 1.5
5 4 1.75
25 5.28 2.54167
5 4 1.75
9 4.22222 2.375
7 3.14286 1
6 3.33333 1.4
9 4.22222 2.5
10 3.8 1.22222
5 3.2 1.5
22 4.90909 3.61905
20 4.2 2.78947
6 4 1.8
12 4.33333 3
7 3.42857 1.16667
7 3.42857 1.16667
10 3.8 1.22222
14 4.42857 1.46154
6 3.33333 1.2
2 1 1
6 3 1
13 4 1.83333
10 3.6 1.11111
6 4 1.6
7 3.42857 1.16667
28 4.78571 5.18519
11 4.72727 1.7
4 2.5 1.33333
10 3.8 1.55556
15 4.53333 2.57143
7 3.71429 1.33333
12 3.66667 1.72727
31 4.51613 2.76667
5 3.2 1.25
9 4 1.875
8 4 1.57143
12 4 1.72727
17 4 1.6875
3 2 1
6 3.33333 1.6
10 4.2 1.77778
3 2 1
3 2 1
4 2.5 1
8 4.75 2.28571
8 3.5 1.14286
5 2.8 1
5 3.2 1.5
6 3.33333 1.2
6 4 1.8
3 2 1
4 2.5 1
7 4.28571 1.66667
6 3.33333 1.4
3 2 1
10 3.6 1.22222
4 3 1.33333
8 3.5 1.28571
9 4 1.625
10 3.8 1.44444
6 3.33333 1.2
15 4 1.64286
19 4.94737 3.33333
7 3.42857 1.66667
7 4 1.5
11 3.63636 1.1
9 3.77778 1.75
4 2.5 1
11 4.18182 1.5
4 2.5 1
9 3.77778 1.5
9 3.77778 1.875
5 3.2 1.25
3 2 1
14 4.57143 2.38462
3 2 1
8 3.75 1.28571
4 2.5 1
11 5.09091 3.8
4 3 1.33333
3 2 1
6 3.33333 1.2
14 4.57143 2
4 3 1.33333
8 3.75 1.28571
4 3 1.33333
4 2.5 1.33333
5 3.2 1.5
2 1 1
3 2 1
4 3 1.33333
4 3 1.33333
7 4.28571 2
5 3.2 1.5
5 2.8 1
12 4.5 1.81818
4 2.5 1
12 4.16667 2.09091
4 2.5 1
7 4 1.66667
3 2 1
6 3.33333 1.6
6 3.33333 1.4
4 2.5 1
9 3.55556 1.375
6 3.33333 1.4
5 3.2 1.25
6 3.33333 1.2
8 4.75 1.85714
5 3.2 1.25
8 3.75 1.28571
3 2 1
8 4.75 2.28571
7 4 1.83333
5 4 1.75
5 2.8 1
5 3.2 1.5
3 2 1
6 4 2
8 4.75 2.42857
5 2.8 1
3 2 1
9 4 1.5
2 1 1
6 3.33333 1.2
5 3.2 1.25
13 4.46154 2.25
6 5 2.2
4 3 1.33333
3 2 1
3 2 1
5 3.2 1.5
3 2 1
5 3.2 1.25
4 2.5 1
3 2 1
6 4 1.8
3 2 1
10 4.2 1.55556
4 3 1.33333
4 2.5 1
5 3.2 1.25
3 2 1
3 2 1
4 2.5 1
11 5.09091 2.2
10 4.2 2.55556
5 2.8 1
6 3.33333 1.6
3 2 1
5 3.2 1.5
5 3.2 1.5
4 3 1.33333
3 2 1
6 3.66667 1.8
14 4.14286 2.92308
8 4 1.71429
3 2 1
6 3.33333 1.6
3 2 1
5 4 1.75
6 3.66667 1.4
8 4.25 1.71429
7 3.71429 2.16667
11 4.36364 2.4
8 3.75 1.42857
3 2 1
4 3 1.33333
15 4 2.57143
5 3.2 1.5
3 2 1
2 1 1
4 2.5 1
7 4 1.83333
4 2.5 1.33333
4 2.5 1
6 3.33333 1.2
17 4 2.375
15 3.86667 1.92857
6 3.33333 1.4
5 3.2 1.5
5 2.8 1
5 3.2 1.25
3 2 1
3 2 1
3 2 1
9 3.33333 1
5 3.2 1.25
5 3.2 1.5
5 2.8 1
16 5 1.86667
6 3.66667 1.4
6 3.33333 1.2
9 4.22222 1.625
5 3.2 1.25
4 3 1.33333
11 4.54545 1.7
6 3.33333 1.2
4 2.5 1.33333
8 3.5 1.28571
8 4.75 2.14286
5 4 1.75
11 3.81818 1.6
9 4 1.375
5 3.2 1.5
4 2.5 1
2 1 1
7 3.14286 1
6 3 1
4 2.5 1.33333
10 3.8 1.88889
11 3.63636 1.2
11 3.63636 1.2
5 3.2 1.25
8 4.75 2.71429
6 3.33333 1.4
12 3.83333 1.90909
9 3.55556 1.125
15 4.26667 1.92857
13 4 1.33333
18 4.33333 2.11765
6 4 1.8
8 3.5 1.14286
4 2.5 1.33333
4 3 1.33333
4 2.5 1
8 4 1.42857
2 1 1
5 2.8 1
6 3.33333 1.2
5 3.2 1.5
5 2.8 1
4 2.5 1
8 4.75 2.28571
6 3 1
5 3.2 1.5
4 2.5 1
4 3 1.33333
2 1 1
5 2.8 1
8 3.5 1.28571
5 3.2 1.5
2 1 1
2 1 1
2 1 1
3 2 1
3 2 1
10 4.6 2.22222
9 4.66667 2.375
3 2 1
4 3 1.33333
4 3 1.33333
11 3.63636 1.2
5 3.2 1.25
7 3.14286 1
11 4 1.5
5 2.8 1
4 3 1.33333
5 4 1.75
3 2 1
2 1 1
2 1 1
3 2 1
9 3.77778 2
4 2.5 1
6 3 1
7 4.85714 2.16667
12 4 1.27273
5 3.2 1.25
5 2.8 1
8 3.5 1.42857
9 3.77778 1.375
9 4.22222 2.375
5 3.2 1.5
13 3.53846 1
3 2 1
2 1 1
3 2 1
5 2.8 1
4 3 1.33333
5 3.2 1.5
6 3.33333 1.2
3 2 1
3 2 1
5 4 1.75
5 3.2 1.25
3 2 1
8 4 1.85714
6 3.66667 1.4
8 3.5 1.14286
15 4.93333 3.14286
14 4.14286 1.53846
3 2 1
3 2 1
4 3 1.33333
2 1 1
8 4.75 2.28571
3 2 1
6 3.66667 1.4
12 4.33333 1.81818
6 3.33333 1.2
9 4.44444 2.125
4 2.5 1
6 3.33333 1.2
13 4.46154 2.16667
8 4.25 1.85714
16 4 1.4
4 3 1.33333
3 2 1
5 4 1.75
5 3.2 1.25
4 2.5 1
6 3.33333 1.2
4 3 1.33333
5 4 1.75
5 3.2 1.25
5 3.2 1.5
3 2 1
3 2 1
4 3 1.33333
19 3.78947 1.05556
3 2 1
4 3 2
2 1 1
7 3.42857 1.33333
3 2 1
5 3.2 1.25
3 2 1
5 3.2 1.5
3 2 1
9 3.77778 1.5
4 2.5 1
3 2 1
3 2 1
6 3.33333 1.6
6 4 2.6
6 5 2.2
5 2.8 1
2 1 1
6 3 1
5 2.8 1
6 4 1.6
6 3 1
8 3.5 1.14286
4 2.5 1
6 4 2
3 2 1
3 2 1
4 2.5 1
5 3.2 1.25
2 1 1
2 1 1
14 4.28571 2.46154
5 3.2 1.25
5 4 1.75
5 3.2 1.5
9 4.22222 1.5
3 2 1.5
5 3.2 1.5
3 2 1
8 4.75 2
5 3.2 1.5
8 4.25 1.85714
3 2 1
4 3 1.33333
6 5 2.2
3 2 1
3 2 1
2 1 1
5 3.2 1.5
4 3 1.33333
6 4 1.6
11 4.54545 2.2
2 1 1
3 2 1
8 4 1.85714
2 1 1
3 2 1
7 3.14286 1
9 3.77778 1.5
7 3.42857 1.33333
7 3.42857 1.16667
7 3.14286 1.83333
6 3.33333 1.4
13 4.30769 1.41667
3 2 1
5 3.2 1.5
7 3.71429 1.33333
6 3.33333 1.2
13 3.69231 1.08333
18 4.11111 1.82353
5 4 1.75
4 2.5 1
5 2.8 1
8 3.5 1.14286
4 2.5 1.33333
6 5 2.2
6 4 1.6
3 2 1
5 3.2 1.25
5 3.2 1.25
5 2.8 1
5 3.2 1.25
4 3 1.33333
4 2.5 1
5 2.8 1
8 5.75 2.42857
4 2.5 1.66667
19 4.31579 1.44444
3 2 1
4 3 1.33333
8 3.5 1.28571
5 3.2 1.25
3 2 1
4 2.5 1
4 3 2
4 2.5 1.66667
3 2 1
4 2.5 1
6 3.33333 1.4
5 3.2 1.5
7 3.71429 1.33333
3 2 1
6 4 1.6
5 3.2 1.25
7 3.14286 1
7 4.85714 3.33333
10 3.6 1.22222
4 2.5 1
8 4 1.71429
6 4 2
7 4 1.5
7 3.42857 1.16667
8 3.5 1.28571
8 3.75 1.28571
10 4.6 1.88889
9 4.66667 2.125
6 3.33333 1.2
8 3.5 1.14286
3 2 1.5
7 4 1.5
4 3 1.33333
3 2 1
14 3.71429 1.07692
5 3.2 1.5
3 2 1
5 3.2 1.25
6 3.33333 1.2
13 5.07692 2.25
8 3.5 1.28571
10 4.2 1.88889
6 3 1
4 2.5 1
2 1 1
6 3 1
4 3 1.33333
3 2 1
11 3.45455 1.1
9 3.55556 1.125
5 3.2 1.25
5 2.8 1
12 3.66667 1.27273
7 4 1.5
10 4 1.33333
6 3.33333 1.4
5 3.2 1.5
6 3 1
6 4 2.4
8 4.25 1.71429
5 4 1.75
3 2 1
4 2.5 1
5 2.8 1
8 3.5 1.28571
5 2.8 1
9 3.77778 1.5
16 5 3.2
6 3.33333 1.2
4 3 1.33333
7 3.42857 1.33333
10 3.8 1.33333
9 3.55556 1.125
12 4 2.18182
3 2 1
7 3.71429 1.66667
7 3.42857 1.33333
9 3.55556 1.25
5 3.2 1.25
4 2.5 1
4 2.5 1
4 2.5 1
5 3.2 1.25
6 3 1
5 2.8 1
7 4 1.66667
8 4 1.71429
4 2.5 1
5 2.8 1
4 2.5 1
5 3.2 1.5
8 3.25 1
9 4 1.875
2 1 1
6 4 1.6
5 3.2 1.25
7 3.42857 1.5
7 3.71429 1.66667
5 3.2 1.25
4 2.5 1
6 3 1
4 3 1.33333
5 3.2 1.5
5 3.2 1.5
14 3.71429 1.30769
4 2.5 1.33333
6 3.33333 1.6
3 2 1
3 2 1.5
16 4.25 1.73333
6 4 2
4 2.5 1
10 4.8 1.77778
6 3 1
18 4.55556 2.23529
15 4.53333 2.21429
9 4.66667 2.5
5 3.2 1.25
8 4.75 2.57143
3 2 1
12 4 1.36364
4 3 1.33333
7 4 1.5
6 3.33333 1.6
7 4 1.83333
7 4 1.5
7 4 1.66667
4 3 2
3 2 1
3 2 1
5 3.2 1.25
8 3.5 1.14286
4 2.5 1
3 2 1
12 4 1.27273
5 2.8 1
8 3.5 1.14286
3 2 1
6 3.33333 1.2
5 2.8 1
6 3 1
4 2.5 1
7 3.42857 1.16667
3 2 1
6 4 1.6
7 4 1.83333
4 2.5 1.33333
10 3.8 1.22222
4 3 1.33333
3 2 1
5 3.2 1.25
5 3.2 1.5
2 1 1
5 4 1.75
6 3.33333 1.4
4 2.5 1
3 2 1
6 3.33333 1.4
6 4 1.8
6 3.33333 1.2
6 3 1
7 3.42857 1.16667
7 3.42857 1.33333
13 4.15385 2.33333
23 4.78261 3.5
4 3 1.33333
5 4 1.75
5 2.8 1
8 4 2.14286
6 3 1
8 3.75 1.57143
6 4 1.6
6 3 1
9 3.55556 1.125
7 4 2.16667
11 4 1.7
7 3.42857 1.5
3 2 1
3 2 1
20 4 1.21053
3 2 1
4 2.5 1.33333
3 2 1
2 1 1
4 3 1.33333
4 3 1.33333
9 3.77778 1.25
3 2 1
5 3.2 1.25
4 2.5 1
5 2.8 1
8 3.25 1
7 3.14286 1
6 3.66667 1.4
7 3.14286 1.83333
11 3.81818 1.4
9 3.55556 1.5
5 3.2 1.5
4 2.5 1
3 2 1
4 3 1.33333
6 3 1
8 4 1.57143
3 2 1
4 3 1.33333
14 4 2
5 3.2 1.5
10 4.2 1.66667
5 4 1.75
4 2.5 1
5 2.8 1
11 3.81818 1.3
10 3.8 1.33333
3 2 1
4 3 1.33333
8 4 2
7 3.14286 1.83333
5 2.8 1
4 2.5 1.66667
3 2 1
7 3.42857 1.66667
3 2 1
5 3.2 1.25
7 3.42857 1.33333
7 4 1.83333
6 3 1
4 3 1.33333
6 3 1
4 3 1.33333
10 3.6 1.22222
3 2 1
3 2 1
2 1 1
10 4 2
4 2.5 1.66667
6 3.66667 1.4
3 2 1
8 4 1.71429
7 3.71429 1.83333
5 3.2 1.25
10 3.8 1.55556
3 2 1
3 2 1
6 3.33333 1.4
4 3 1.33333
4 2.5 1
4 3 1.33333
3 2 1
5 4 1.75
3 2 1
3 2 1
6 3.33333 1.2
4 2.5 1
3 2 1
4 2.5 1
5 3.2 1.5
5 3.2 1.25
8 3.75 1.42857
5 4 1.75
6 3.33333 1.4
5 3.2 1.5
8 3.5 1.14286
3 2 1
5 2.8 1
7 4 1.83333
4 3 1.33333
7 3.42857 1.16667
4 2.5 1
6 3.33333 1.2
6 3.33333 1.2
5 2.8 1
5 3.2 1.5
8 3.5 1.28571
7 3.42857 1.16667
3 2 1
7 4 1.83333
4 2.5 1
7 3.14286 1
16 4 1.4
4 2.5 1.66667
5 2.8 1
4 2.5 1
3 2 1
4 2.5 1.66667
3 2 1.5
7 4 1.83333
7 3.42857 1.16667
5 3.2 1.25
10 4.6 2.22222
9 3.55556 1.125
8 4 2
9 3.33333 1
14 4 2.53846
5 2.8 1
13 4.30769 1.41667
4 2.5 1.33333
3 2 1
5 2.8 1
3 2 1.5
6 3.33333 2
13 4.15385 1.41667
11 4.72727 1.7
4 3 1.33333
4 3 1.33333
4 3 1.33333
7 3.71429 1.33333
14 4.14286 1.53846
8 3.25 1
7 3.71429 2
3 2 1
4 3 1.33333
4 3 1.33333
5 3.2 1.25
6 3 1
6 5 2.2
4 2.5 1
7 3.42857 1.66667
4 3 1.33333
6 3.33333 1.2
8 4.25 1.57143
16 4 2.4
6 3.33333 1.2
4 2.5 1
7 4 1.5
7 3.71429 1.83333
8 4 1.57143
8 3.5 1.28571
4 2.5 1.66667
8 3.5 1.28571
7 3.42857 1.16667
4 2.5 1
3 2 1
9 3.55556 1.5
4 2.5 1
9 3.77778 1.375
8 3.5 1.28571
7 3.42857 1.33333
6 4 1.6
7 3.42857 1.33333
10 3.8 1.22222
4 3 1.33333
6 3.33333 1.2
6 3 1
6 3 1
11 4.18182 1.8
7 4 2
13 4.76923 2.08333
6 4 2
5 2.8 1
9 4.88889 1.875
26 4.46154 2.84
20 4.3 2.52632
29 4.68966 5.07143
21 4.95238 2.9
25 4.32 4.20833
30 5 2.86207
20 4.7 3
20 4.3 2.63158
13 4.61538 2.25
12 4 2
6 4 1.6
11 3.81818 2
6 3.33333 1.6
18 5 2.17647
18 4.44444 2.94118
7 3.42857 1.5
21 4.95238 2.4
7 3.42857 1.5
16 5 2.53333
15 3.86667 2
14 4.42857 1.69231
17 4.35294 2
19 4.84211 3.16667
7 4 1.66667
26 5.15385 3.16
21 4.7619 2.25
4 2.5 1.66667
16 4.5 2.86667
12 3.83333 1.18182
15 4.26667 1.71429
13 4.30769 1.83333
11 3.81818 1.3
7 3.42857 1.33333
10 3.8 1.66667
23 4.52174 2.36364
8 3.5 1.28571
11 4.54545 2
25 4.56 2.45833
36 5 2.28571
29 5.17241 3.07143
22 4.63636 1.85714
14 4.42857 1.69231
35 5.2 2.61765
5 3.2 1.5
18 4.77778 2.41176
11 4 1.4
10 4.2 1.55556
10 3.8 1.77778
8 4 2.42857
7 4.85714 2
7 4 1.66667
9 3.77778 2
18 4.77778 2.05882
7 3.42857 1.33333
6 4 1.6
8 3.75 2.14286
13 4.15385 2.08333
21 4.19048 2.5
8 3.75 1.85714
22 4.63636 2.04762
10 4.2 1.77778
8 4.75 2.28571
7 3.14286 1
6 3 1
6 3.33333 1.4
19 4.21053 1.72222
8 3.75 1.85714
8 4 1.57143
5 3.2 1.25
8 3.75 1.28571
10 4.2 1.88889
12 4.33333 1.63636
10 4.6 2.22222
8 4.25 2.14286
17 4.11765 1.5
6 3.33333 1.6
13 4.30769 2.66667
7 3.14286 1
6 3.33333 1.4
24 5.16667 2.17391
9 3.77778 1.375
9 3.77778 1.75
5 3.2 1.5
6 3.33333 1.4
9 3.77778 1.25
6 3.33333 1.2
9 3.77778 1.375
13 4.30769 2
2 1 1
12 4.16667 1.72727
9 3.77778 1.375
11 4.18182 2.2
8 4 1.85714
8 4 2
7 3.14286 1
10 3.8 1.88889
15 4.53333 2.14286
15 4 1.64286
17 4.11765 1.625
5 3.2 1.5
11 4.54545 2.6
9 4 1.875
7 3.71429 1.5
8 3.5 1.28571
5 3.2 1.25
7 4.85714 2
8 3.25 1
5 3.2 1.5
7 4 1.83333
19 4.42105 1.77778
6 3.33333 1.2
3 2 1
17 4.35294 2.1875
6 4 1.6
6 3.33333 1.2
10 5 2.77778
11 4.72727 2.1
6 3.33333 1.2
21 4.19048 2.75
18 4.33333 2.17647
6 3.33333 1.4
6 3.33333 1.6
6 3 1
12 4.5 2.27273
10 4.2 1.77778
4 3 1.33333
9 4 1.875
8 3.5 1.14286
6 5 2.2
7 3.42857 1.5
9 4 1.5
4 3 1.33333
14 4 1.38462
7 3.71429 1.33333
7 3.42857 1.33333
5 4 1.75
9 4 2
35 4.57143 4.58824
17 4.58824 2.75
11 4.36364 1.9
12 4.16667 2.27273
9 3.55556 1.625
18 4.55556 1.88235
18 4.66667 2.58824
8 4.25 1.85714
6 3.33333 1.2
6 4 2
7 4.28571 2.33333
9 4 2
11 4.36364 2.6
14 4.85714 2.07692
6 4 1.8
10 4.2 2.22222
8 4.75 2.42857
21 4.85714 3.6
9 4.22222 2
10 4.2 2.66667
5 3.2 1.25
10 3.8 1.33333
2 1 1
2 1 1
7 3.71429 1.33333
10 4.6 2.66667
8 4 2.14286
8 4 2.28571
2 1 1
4 2.5 1.33333
4 3 1.33333
7 3.71429 1.33333
7 3.42857 1.33333
14 5.14286 3.69231
8 3.5 1.57143
7 3.71429 1.33333
8 4 2.28571
11 4.18182 1.7
6 4 1.6
10 3.8 1.33333
6 3.33333 1.2
6 3.33333 1.4
6 3.33333 1.6
10 3.8 2
10 4.6 1.77778
14 4.57143 2.23077
11 4.90909 3
15 4.53333 3.21429
27 5.18519 3.03846
9 4.22222 1.625
6 3.33333 1.2
4 3 1.33333
16 4.75 2.53333
9 3.77778 1.375
9 4.22222 1.5
6 5 2.2
10 4.2 1.55556
6 3.33333 1.2
4 2.5 1
6 3 1
10 4 1.77778
5 2.8 1
6 3.33333 1.2
7 3.42857 1.16667
9 3.55556 1.25
18 4.55556 2.29412
6 3.33333 1.2
6 3 1
11 4 2.3
14 4.42857 3.07692
6 3.33333 1.2
8 3.75 1.42857
13 4.15385 2.66667
9 4 2.25
28 4.78571 4.25926
4 3 1.33333
9 4.22222 2.5
10 3.8 1.55556
4 2.5 1
4 3 1.33333
7 4 2.16667
5 3.2 1.5
13 4.15385 1.75
6 4 2
13 4.15385 1.91667
9 3.55556 1.25
13 4.15385 1.5
18 4.55556 1.64706
7 4 2
4 3 1.33333
2 1 1
9 3.77778 1.625
4 2.5 1
4 2.5 1.66667
9 4.66667 1.75
11 4.18182 1.4
8 4 1.57143
7 4 1.83333
5 2.8 1
3 2 1
6 3.33333 1.4
6 3.33333 1.6
3 2 1.5
12 4.16667 1.90909
7 4 1.66667
13 4.61538 1.83333
3 2 1.5
8 3.5 1.14286
7 3.42857 1.5
6 3.66667 1.8
17 4.23529 2.1875
7 4 1.83333
10 4.2 1.55556
10 4 2.44444
5 2.8 1
3 2 1
6 3.33333 1.4
4 2.5 1
6 4 1.6
7 4 1.83333
7 4 1.66667
7 4.28571 2.33333
6 4 1.8
11 4.54545 2
23 4.95652 2.09091
8 4 1.57143
7 4.85714 2
3 2 1.5
13 4.46154 2.16667
4 2.5 1
8 4 2
5 3.2 1.25
8 4.25 1.57143
10 4.8 1.88889
10 3.6 1.11111
4 3 1.33333
9 4.66667 2
9 3.77778 1.25
3 2 1
7 3.42857 1.33333
29 4.41379 1.96429
10 3.8 1.88889
8 3.5 1.14286
9 4 2
6 3.66667 1.8
6 3.33333 1.4
11 4.18182 2.6
11 4.72727 1.9
9 4 1.625
6 3.33333 1.4
5 3.2 1.25
11 5.27273 3
8 3.5 1.71429
7 4 2.16667
5 3.2 1.5
7 3.71429 1.66667
8 4 1.71429
8 3.25 1
9 4 1.75
6 3.33333 1.2
5 3.2 1.5
12 3.83333 1.45455
11 4 1.5
12 5.16667 2.27273
7 4.85714 2
4 3 1.33333
17 4.35294 2.5625
4 2.5 1
5 3.2 1.25
5 2.8 1
5 3.2 1.5
8 4 1.71429
7 4.85714 2.5
5 3.2 1.25
13 4.76923 1.83333
3 2 1
5 3.2 1.25
6 3.33333 1.6
20 4.5 2.84211
4 3 1.33333
4 3 1.33333
6 4 2
9 4.88889 2.125
8 3.5 1.28571
10 4.2 1.77778
4 3 1.33333
3 2 1
9 4.44444 2.375
3 2 1
12 4.16667 1.63636
8 4.25 1.71429
8 4 1.42857
3 2 1
13 4.46154 2.16667
6 3.33333 1.4
13 4 1.66667
12 4.16667 2.09091
9 3.55556 1.125
8 3.5 1.28571
8 4.25 1.57143
5 4 1.75
9 3.77778 1.25
9 4 1.375
9 4.22222 1.625
9 5.77778 2.375
5 4 1.75
6 4 2
11 4 1.7
9 4 2
2 1 1
5 3.2 1.25
12 4.33333 2
8 3.75 1.42857
11 4 2.3
7 4 1.66667
5 2.8 1
7 3.42857 1.16667
8 3.25 1
15 4.53333 2.64286
11 3.81818 1.5
8 3.75 1.28571
18 4.44444 2.70588
12 4 2.63636
12 4.33333 1.63636
15 4.13333 2
22 4.45455 1.85714
12 4.16667 1.54545
5 3.2 1.25
10 4.2 2.11111
3 2 1.5
6 3.33333 1.2
8 4.25 2.14286
8 3.75 1.85714
8 4 1.42857
3 2 1
3 2 1
11 3.63636 1.2
10 4.6 2
9 4.22222 1.625
10 4.2 2.33333
8 3.75 1.42857
7 3.71429 1.83333
11 4 2.3
5 3.2 1.25
8 3.75 1.28571
13 3.84615 1.5
22 5 2.19048
10 3.6 1.33333
8 3.75 1.28571
8 3.5 1.42857
8 3.75 1.42857
13 4.15385 1.75
26 4.61538 3.8
8 3.5 1.28571
9 4.22222 2.25
6 3.33333 1.2
20 5 4.94737
7 3.71429 1.5
5 3.2 1.25
11 4.18182 1.9
10 4 1.55556
17 5.05882 1.9375
5 3.2 1.25
7 3.42857 1.16667
18 4.55556 1.82353
10 4.8 3
17 4.58824 1.875
5 4 1.75
9 4 1.5
10 3.8 2
6 3.33333 1.4
8 4 1.71429
7 3.71429 1.33333
10 4.6 2.66667
4 2.5 1
19 4.94737 2.94444
9 4 1.5
12 4.16667 2.45455
8 3.75 1.71429
8 4 1.42857
10 4.2 2.55556
4 3 1.33333
10 4.2 2.33333
10 4.2 1.55556
10 4.8 2.88889
7 4 2.16667
6 3.33333 1.4
5 4 1.75
6 3.33333 1.6
10 4.8 2.66667
10 4.2 2.11111
4 2.5 1
11 4.36364 1.9
6 3.33333 1.6
5 3.2 1.5
7 3.42857 1.33333
10 3.8 1.44444
6 4 1.6
7 3.42857 1.33333
12 3.83333 1.27273
6 3.66667 1.4
7 4.85714 2.5
6 3 1
16 4.5 2.13333
6 4 1.8
6 3 1
4 3 1.33333
9 4.66667 2.5
4 2.5 1
6 4 1.8
11 4.18182 1.6
9 4.66667 3
9 3.77778 1.25
12 4.83333 1.90909
10 4.2 2
15 4 1.78571
8 4.25 1.57143
6 4 2
5 3.2 1.5
25 4.4 2.04167
5 4 1.75
11 4.54545 1.6
8 4.75 1.85714
7 4.85714 2.33333
4 3 1.33333
11 5.63636 3.2
12 4.33333 3
3 2 1
4 2.5 1.66667
13 4 2
8 4 2
9 4 1.375
11 4 2.1
10 4.6 2.33333
3 2 1
14 4.42857 1.84615
10 4.2 1.77778
10 3.8 1.22222
5 4 1.75
9 4.22222 2.375
9 4.22222 1.5
7 4 1.83333
13 4.15385 1.66667
7 3.42857 2
8 3.5 1.42857
8 3.5 1.71429
6 3.66667 1.4
11 4.18182 1.6
4 3 1.33333
7 3.42857 1.66667
8 4.25 2
8 3.5 1.14286
7 3.14286 1
10 4.2 2.11111
9 3.55556 1.125
12 4 1.27273
8 4.75 2.42857
13 4 1.25
11 3.81818 1.3
9 3.55556 1.5
4 3 1.33333
10 4.6 1.77778
5 3.2 1.25
11 3.81818 1.5
9 3.77778 1.625
6 3.33333 1.4
11 4.36364 1.5
9 3.77778 2.125
12 4.33333 2.27273
7 4.85714 2
5 2.8 1
6 3.66667 1.8
10 4.8 2.33333
15 4.4 1.78571
10 4.8 2.55556
5 3.2 1.25
8 4 1.57143
8 4.25 1.57143
7 3.71429 1.66667
9 3.55556 1.375
6 3 1
11 3.81818 1.3
12 4.5 2.90909
9 3.55556 1.375
5 3.2 1.5
4 2.5 1
11 5.09091 2.2
8 3.5 1.28571
16 4.75 3.26667
9 4.22222 1.5
15 4.8 2.78571
16 4.25 1.8
8 3.5 1.14286
7 3.42857 1.33333
9 5.33333 2.125
7 4 1.66667
8 4 1.42857
4 2.5 1
10 4.4 1.77778
7 4.85714 2
6 3.33333 1.2
6 3.33333 1.2
6 4 1.6
8 4.25 2.42857
6 4 1.6
6 3.33333 1.4
5 4 1.75
10 5.2 2.33333
4 2.5 1.33333
12 4.66667 3
14 4.28571 2.15385
11 4.72727 1.7
8 3.75 1.57143
10 3.8 1.88889
10 4 2.11111
6 3.33333 1.6
7 3.42857 1.16667
3 2 1
5 2.8 1
3 2 1.5
5 2.8 1
8 3.5 1.28571
3 2 1
3 2 1
7 4 1.5
9 4.22222 1.5
4 3 1.33333
5 3.2 1.5
8 3.25 1
9 3.77778 1.25
3 2 1.5
4 3 1.33333
8 4 1.57143
6 4 1.8
3 2 1
3 2 1.5
7 3.42857 1.5
11 4.18182 1.5
11 4.18182 1.5
13 4.15385 2.08333
14 4.57143 2.46154
11 4.18182 1.5
6 3.33333 1.2
12 3.83333 2.09091
5 4 1.75
3 2 1
12 4 1.54545
5 3.2 1.25
4 3 1.33333
6 5 2.2
11 4.72727 1.9
12 3.66667 1.81818
8 4 1.42857
7 3.71429 1.33333
5 3.2 1.25
3 2 1
3 2 1.5
7 4 1.66667
7 3.42857 1.16667
19 4.63158 2.16667
5 4 1.75
3 2 1
9 4 1.875
2 1 1
6 3.66667 1.4
3 2 1
5 4 1.75
5 3.2 1.5
7 3.42857 1.16667
6 3.33333 1.2
5 2.8 1
6 3 1
6 3.33333 1.2
15 4.13333 1.35714
5 2.8 1
4 3 1.33333
4 3 1.33333
4 3 2
5 3.2 2
7 4 1.5
27 4.2963 2.69231
3 2 1
7 4 2.16667
4 3 1.33333
4 3 1.33333
12 3.83333 1.18182
27 4.66667 3.34615
27 4.88889 3.34615
4 3 1.33333
12 4 1.45455
8 4 1.42857
8 3.75 1.42857
6 3.33333 1.2
7 3.14286 1
5 3.2 1.25
10 3.6 1.22222
3 2 1
9 4 2
7 3.42857 1.16667
4 2.5 1
3 2 1
8 4.75 2.71429
4 2.5 1
3 2 1.5
7 4 2.33333
7 3.42857 1.33333
7 3.42857 1.33333
3 2 1
2 1 1
12 4.16667 2
4 3 1.33333
2 1 1
11 4 1.4
4 3 1.33333
6 4 2
4 3 1.33333
3 2 1.5
3 2 1
5 3.2 1.25
4 3 1.33333
3 2 1.5
5 2.8 1
4 3 1.33333
3 2 1.5
6 3.33333 1.2
4 3 1.33333
7 3.42857 1.5
11 3.81818 1.5
6 3.33333 1.4
7 3.42857 1.66667
4 3 1.33333
4 3 1.33333
22 4.72727 1.71429
7 3.42857 1.5
3 2 1
5 3.2 1.25
6 3 1
3 2 1.5
11 3.81818 1.5
4 3 1.33333
4 3 1.33333
2 1 1
5 3.2 1.5
3 2 1
6 3.66667 1.4
5 3.2 2.25
19 4.84211 1.72222
5 3.2 1.25
4 3 1.33333
5 4 1.75
3 2 1
2 1 1
9 3.55556 1.5
5 3.2 1.5
4 3 1.33333
4 2.5 1
7 4 1.66667
6 3.33333 1.4
6 3.33333 1.2
7 3.42857 2
8 3.5 1.42857
14 3.71429 1.38462
3 2 1
3 2 1
7 4.85714 2.16667
4 3 1.33333
6 3 1
11 4.18182 2.4
6 3 1
5 2.8 1
4 2.5 1
4 3 1.33333
3 2 1
2 1 1
4 2.5 1.33333
5 3.2 1.25
7 4 1.66667
3 2 1
4 2.5 1
6 3.33333 1.4
4 3 1.33333
5 3.2 2
5 4 1.75
4 3 1.33333
17 4.23529 1.8125
4 3 1.33333
5 3.2 1.25
6 3.33333 2
13 4.30769 2
5 3.2 1.5
7 4 1.83333
8 3.75 1.28571
8 3.5 1.57143
9 3.55556 1.375
4 3 1.33333
10 4.2 1.44444
7 4 1.83333
4 2.5 1.33333
3 2 1
5 3.2 1.25
5 3.2 1.25
6 3.33333 1.2
7 4.85714 2
5 2.8 1
13 3.69231 2.66667
5 4 1.75
3 2 1.5
6 3 1.4
12 4.16667 1.54545
5 2.8 1.75
2 1 1
6 3.33333 1.4
6 3.33333 1.6
7 3.42857 1.33333
4 2.5 1
7 3.71429 1.33333
4 2.5 1.66667
7 4 1.66667
5 3.2 1.25
3 2 1.5
2 1 1
2 1 1
4 2.5 1
4 3 1.33333
5 2.8 1
3 2 1.5
3 2 1
9 3.55556 1.125
5 4 1.75
3 2 1
6 4 1.6
5 2.8 1.5
4 2.5 1
8 4 1.57143
3 2 1
5 3.2 1.5
8 4 2.28571
7 3.42857 1.33333
4 3 1.33333
3 2 1.5
12 3.83333 1.27273
5 3.2 2
11 4.54545 1.9
5 3.2 2
9 4 1.75
4 3 1.33333
2 1 1
3 2 1
7 3.42857 1.16667
6 3.33333 1.2
3 2 1.5
4 3 1.33333
3 2 1
7 4 1.5
9 4 2.125
6 4 2
3 2 1
7 3.71429 1.5
5 3.2 1.25
7 4 1.66667
4 3 1.33333
7 3.71429 1.33333
2 1 1
4 2.5 1.66667
12 4 1.45455
6 3.33333 1.2
20 4.2 1.94737
7 4.85714 2.5
3 2 1.5
4 3 1.33333
3 2 1
10 4.2 1.88889
4 2.5 1
5 3.2 1.25
3 2 1
4 2.5 1.66667
12 3.83333 1.63636
2 1 1
3 2 1.5
8 3.75 1.85714
19 4.21053 1.83333
3 2 1.5
4 2.5 1.33333
6 3.33333 1.6
25 4.56 1.91667
3 2 1
5 3.2 1.5
8 3.5 1.57143
3 2 1
8 4 1.71429
9 4.22222 1.75
3 2 1
3 2 1
3 2 1
7 4 1.83333
6 3.33333 1.2
4 3 1.33333
2 1 1
3 2 1
6 3 1
5 4 1.75
7 3.71429 1.5
5 2.8 1
9 4.22222 1.625
10 4.4 1.77778
5 2.8 1
11 3.45455 1
6 3.33333 1.2
15 4.13333 1.35714
3 2 1
4 2.5 1
6 4 1.8
5 3.2 1.5
6 4 1.6
3 2 1
6 3.33333 1.2
5 3.2 1.5
2 1 1
5 4 1.75
11 3.81818 1.5
8 3.5 1.14286
4 3 1.33333
7 3.42857 1.16667
4 3 1.33333
3 2 1
5 3.2 1.25
4 3 1.33333
7 3.71429 1.5
3 2 1.5
3 2 1.5
6 3.66667 1.4
4 2.5 1
3 2 1
3 2 1.5
3 2 1.5
9 3.33333 1
4 3 2
5 3.2 1.5
3 2 1
10 4.6 2.22222
3 2 1
5 2.8 1
4 3 2
4 2.5 1
6 3.33333 1.6
10 4 1.88889
5 3.2 1.25
3 2 1
8 3.5 1.14286
5 2.8 1
5 3.2 1.25
3 2 1
3 2 1.5
4 3 1.33333
6 3 1
4 2.5 1
3 2 1.5
8 4.25 1.85714
4 2.5 1
8 3.75 1.42857
9 4 1.5
2 1 1
2 1 1
3 2 1
4 3 1.33333
4 3 1.33333
4 3 1.33333
10 4 1.33333
5 4 1.75
9 3.77778 1.625
8 3.75 1.28571
3 2 1
3 2 1
8 3.5 1.28571
7 3.71429 1.33333
8 3.5 1.14286
3 2 1.5
11 3.63636 1.2
7 3.14286 1.83333
4 2.5 1
6 5 2.2
5 3.2 1.25
8 4 1.71429
13 4 2.41667
4 2.5 1
7 3.42857 1.5
10 4 1.44444
14 4.57143 2.07692
7 3.42857 1.33333
11 5.09091 3.1
7 3.71429 1.33333
15 4.13333 1.92857
30 4.6 3.13793
26 4.38462 2.32
24 4.75 4.86957
12 4.33333 2.09091
30 4.86667 2.17241
18 4.66667 2.52941
13 4.61538 2.16667
4 2.5 1
17 4 1.75
24 4.33333 2.69565
16 4.125 1.73333
10 4.2 1.88889
15 4.4 1.78571
28 4.28571 2.77778
20 4.2 1.78947
18 4.33333 1.58824
10 4.2 1.77778
9 4.66667 1.75
24 4.08333 1.78261
18 4.55556 2.47059
15 4 1.71429
21 4.57143 2.9
22 4.54545 1.7619
17 4.47059 2.25
8 4 1.71429
5 3.2 1.5
12 4.66667 1.72727
13 4.61538 1.75
17 4.11765 2.1875
20 4.8 2.89474
7 4.28571 1.66667
12 4.16667 1.72727
9 4 1.75
15 4.53333 1.64286
13 4.61538 1.83333
19 4.10526 1.88889
22 4.36364 2
14 4.57143 2.92308
24 4.66667 1.91304
22 4.45455 2.52381
9 3.77778 1.25
9 4 2.125
11 4.18182 1.8
34 4.76471 5.27273
11 4.18182 1.6
11 4 1.9
4 3 1.33333
30 4.8 2.65517
10 4 1.88889
22 4.81818 2.7619
19 4.94737 2.77778
8 4 1.42857
9 4.66667 2.5
14 4 1.61538
23 4.78261 3.86364
16 4.75 1.86667
23 4.95652 5.45455
14 4 1.69231
7 3.71429 1.83333
6 3.33333 1.2
9 4.88889 2.125
22 4.45455 2.2381
8 3.75 1.57143
19 4 1.5
5 2.8 1
44 4.77273 5.2093
20 4.1 1.36842
10 3.8 1.22222
26 4.46154 1.96
26 4.69231 2.64
16 4.375 2.26667
10 4.6 2.22222
19 4.52632 2.11111
19 4.84211 3.94444
12 4.33333 1.45455
14 4.42857 2.46154
21 4.57143 1.7
24 4.75 2.43478
5 4 1.75
7 3.71429 1.33333
27 4.51852 2.19231
8 4 1.71429
10 4.8 2.22222
14 5.14286 3.38462
14 4.42857 2.07692
7 3.71429 1.33333
26 4.53846 2.52
14 4.28571 2.23077
25 4.16 3.08333
14 4 1.38462
12 4 1.63636
5 2.8 1
4 2.5 1
14 3.85714 1.30769
9 4 1.375
19 4.10526 1.55556
5 3.2 1.5
16 4 2.2
18 3.88889 1.17647
11 4.18182 1.8
16 5.125 4.2
13 4 1.75
16 4.625 2
23 4.17391 1.40909
20 4.8 3.05263
10 4.6 2.77778
17 4.70588 3.25
9 4.22222 2
12 4.5 2.36364
21 5.04762 2.25
4 3 1.33333
14 5 2.23077
17 3.88235 1.3125
21 4.7619 2.85
26 5 2.96
16 4.25 1.73333
7 3.14286 1
12 4.16667 1.81818
20 4.7 1.84211
37 5.08108 2.41667
19 4 1.38889
2 1 1
17 5.29412 3.25
8 4 1.71429
8 3.5 1.42857
13 5.38462 2.66667
60 4.7 3.40678
20 5 3.36842
7 4 1.83333
12 4 1.27273
37 4.7027 3.47222
23 4.6087 2.68182
32 4.5625 2.58065
20 5.7 2.47368
12 4 2
6 3.33333 1.4
5 3.2 1.25
10 4.4 1.55556
5 4 1.75
24 4.33333 2.6087
6 4 1.6
6 3.33333 1.4
3 2 1.5
3 2 1.5
13 4.46154 1.58333
10 3.8 1.22222
10 3.6 1.11111
4 3 1.33333
9 3.55556 1.25
2 1 1
10 3.8 1.22222
7 3.71429 1.5
27 4.37037 2.07692
15 4.53333 1.78571
4 3 1.33333
17 4.23529 1.9375
11 4 2
35 4.68571 3.52941
18 4.55556 1.94118
6 3 1
20 5.5 2.47368
19 4.94737 3.22222
2 1 1
14 4.57143 2.15385
8 4.25 1.57143
21 4.57143 4.05
28 4.71429 2.48148
25 4 1.125
23 5.3913 4.27273
17 6.23529 3.4375
23 5.04348 5.09091
19 4.42105 2.66667
32 4.75 3.22581
4 2.5 1
18 4.55556 1.76471
7 3.42857 1.16667
13 4.61538 1.91667
3 2 1
6 3 1
7 4 1.83333
11 3.63636 1.5
5 3.2 1.25
37 4.59459 4.16667
29 4.48276 2.46429
15 4.4 2
8 3.75 1.57143
28 4.42857 2.37037
15 4.53333 2.21429
8 3.5 1.14286
17 4.47059 2.3125
16 4.875 1.86667
22 5 3
17 4.94118 3.5625
18 4.44444 2.88235
5 3.2 1.25
33 4.90909 3.15625
10 4.8 3.11111
8 3.5 1.28571
14 4.71429 2.76923
8 4.25 1.57143
18 4.66667 2.82353
16 4.5 1.86667
11 4.18182 2.1
22 4.54545 3.57143
7 4 2.16667
11 4 1.4
14 4 2.61538
8 3.5 1.42857
9 3.77778 1.25
24 4.75 3.17391
8 4 1.85714
17 5.17647 2.6875
18 4.66667 2.35294
7 3.42857 1.66667
5 3.2 1.25
11 3.81818 2
18 4.33333 2.23529
4 3 1.33333
30 4.86667 1.96552
7 4 1.66667
36 4.61111 1.74286
10 3.8 1.44444
21 4.38095 1.95
15 4.66667 2.64286
18 4.66667 4.17647
4 2.5 1
12 4.83333 2.81818
24 4.25 1.78261
11 4.72727 1.9
8 4.75 2.28571
25 5.36 4.625
10 4.4 2.66667
20 4.8 3.10526
11 5.45455 2.6
6 4 1.8
6 3.33333 1.4
6 4 2
6 3.33333 1.2
11 4.72727 2.9
6 4 1.6
10 4.6 2.77778
10 4.4 2.22222
10 4.2 2.22222
21 4.47619 3.3
12 4.16667 2.45455
24 4.58333 1.69565
4 3 1.33333
4 2.5 1
4 2.5 1
6 4 1.8
17 4.58824 2
28 4.64286 2.2963
3 2 1
23 5.73913 2.59091
28 4.78571 4.92593
18 4.66667 2.11765
22 4.63636 2.42857
6 3.33333 1.2
14 4.14286 1.61538
15 4.93333 2.64286
16 4.5 1.66667
12 4.83333 3.54545
15 4.53333 2.07143
18 4.55556 2.52941
19 4.84211 2.5
22 4.90909 5.19048
6 3.33333 1.4
17 4.82353 2.25
28 5.35714 5.22222
15 4.93333 3.64286
7 3.42857 1.16667
21 4.85714 4.3
18 4.77778 2.17647
5 3.2 1.5
18 4.55556 2
4 2.5 1
16 4.625 3.4
12 4.33333 1.54545
6 3.33333 1.6
9 3.77778 1.5
5 3.2 1.5
5 3.2 1.5
9 4.22222 2
21 4.7619 2.35
20 4.7 2.36842
15 4.53333 2.35714
9 4 1.75
24 4.83333 3
10 5.4 3
14 4.42857 1.92308
21 4.85714 2.45
16 5.25 4
18 4.77778 2.64706
16 4.25 2.6
10 4.8 2.11111
15 4.66667 1.71429
36 4.83333 6.65714
33 5.15152 3.3125
27 4.88889 2.26923
17 4.58824 1.75
27 4.81481 2.57692
10 4.6 2.22222
7 3.42857 1.33333
19 4.52632 2.66667
20 5.6 3.78947
11 4.54545 1.9
10 4.6 2.77778
3 2 1
17 4.58824 2
12 4 1.54545
6 3.33333 1.4
14 5.14286 2.84615
21 4.38095 3.6
23 4.78261 2.18182
20 4.7 1.89474
5 2.8 1
26 4.53846 3.64
36 5.11111 3.6
8 4.25 2.14286
13 4.61538 2.66667
4 2.5 1
3 2 1
17 4.70588 1.8125
6 3.33333 1.2
11 4 1.8
7 3.42857 1.16667
9 4.66667 3
24 4.5 3.34783
16 4.25 1.73333
27 4.66667 3.61538
14 5 3.30769
15 5.2 3
12 4.33333 1.81818
6 3 1.2
32 5.1875 4.12903
12 4.83333 2.45455
9 4.22222 1.5
8 3.75 1.42857
24 4.91667 2.47826
12 5 3.36364
29 4.75862 2.10714
18 4.44444 3.29412
10 4 1.55556
18 4.77778 3.64706
16 5 2.2
13 3.84615 1.16667
7 4 1.83333
4 3 1.33333
10 3.6 1.44444
7 3.42857 1.16667
15 4.26667 1.42857
8 4.25 1.57143
19 4.52632 2.94444
7 3.71429 2
4 3 1.33333
16 4.625 2.33333
24 4.75 3.69565
13 4.30769 2.16667
27 6 5.23077
15 5.46667 3.07143
9 4.22222 2.25
14 5 3.92308
4 2.5 1.33333
15 4.53333 2.64286
11 4.36364 2.6
7 3.42857 1.66667
21 4.47619 2.45
4 2.5 1.33333
21 5.04762 1.9
26 5 4.52
11 3.81818 1.2
5 2.8 1
6 3.33333 1.2
17 3.88235 1.125
5 3.2 1.25
4 3 1.33333
11 4.36364 2
5 3.2 1.25
28 4.85714 4.44444
23 4.95652 2.68182
13 5.23077 2.25
8 4 1.42857
21 4.66667 2.35
6 3.33333 1.4
9 4 2.125
19 4.21053 1.61111
37 4.64865 2.77778
5 3.2 1.5
6 4 2
11 4 1.9
6 3.33333 1.4
7 3.71429 1.66667
12 6.16667 3.27273
16 4.625 2.2
4 2.5 1.33333
23 4.86957 3.40909
19 4.42105 1.55556
7 3.42857 1.33333
9 3.77778 1.25
5 2.8 1
12 4 2.18182
20 5 2.42105
12 6 3.54545
23 4.86957 2.54545
26 5.15385 2.52
9 3.55556 1.125
15 4.53333 2.28571
23 4.52174 3.22727
19 4.94737 2.11111
7 3.71429 1.33333
28 5 3.59259
18 4.88889 3.41176
23 4.86957 2.40909
16 4.75 3
26 4.92308 3.2
11 4.72727 2.5
26 4.61538 1.92
16 4.375 1.46667
4 3 1.33333
25 4.48 2.83333
8 4.75 2.42857
10 4.8 1.77778
22 4.81818 2.04762
14 4 1.46154
18 4.66667 2
7 4 2
11 4.18182 2.7
19 4.63158 3
9 3.55556 1.375
5 2.8 1
11 4.18182 2.3
5 3.2 1.25
6 3.33333 1.4
7 4 1.66667
4 3 1.33333
6 3.33333 1.2
12 4.66667 1.81818
14 5 3.15385
15 4.66667 2.07143
6 3 1
15 4.66667 2.07143
19 4.52632 3.44444
12 4.33333 2
5 3.2 1.25
28 4.85714 2.81481
14 4.85714 3
21 4.47619 3.6
22 4.54545 5.14286
30 4.73333 3.34483
17 4.82353 2.3125
20 4.5 2.26316
4 2.5 1
34 4.17647 3.15152
10 6 3.55556
41 4.34146 2.375
4 2.5 1.33333
12 4.16667 1.63636
13 4 1.33333
6 3.33333 1.2
9 4.22222 1.5
10 3.6 1.11111
11 4.72727 2.9
8 3.75 1.57143
5 3.2 1.5
4 3 1.33333
6 4 1.6
32 5 4.45161
13 4.30769 3
24 5.41667 2.30435
16 4 1.66667
12 3.83333 2.27273
3 2 1
22 4.27273 1.95238
18 4 1.70588
12 4.16667 1.81818
23 4.86957 3.04545
7 4 1.66667
12 4 2.54545
7 3.71429 1.66667
6 5 2.2
15 4.53333 2.21429
8 3.5 1.42857
19 4.63158 3.27778
14 4.57143 2.69231
11 4.18182 1.6
12 4.5 2.27273
4 2.5 1
21 5.04762 2.85
21 4.28571 2.75
2 1 1
6 3 1
10 4.2 2.22222
11 3.81818 1.2
24 5.16667 4.30435
19 4.84211 3.22222
14 4.71429 2.61538
9 4.66667 1.875
25 4.64 4.5
17 5.41176 4.0625
28 4.64286 2.03704
16 4.25 2.06667
7 4 1.66667
11 4.18182 1.5
17 4.58824 2.75
4 3 1.33333
6 3.33333 1.2
5 3.2 1.25
33 5.39394 3.46875
6 3.66667 1.4
9 4 1.75
12 5.16667 2.63636
29 5.37931 2.57143
21 5.2381 2.6
4 3 1.33333
5 3.2 1.25
25 5.2 2.79167
11 4.36364 1.6
7 3.71429 1.66667
7 3.42857 1.5
10 4.6 2
10 4.4 3
8 5.75 3
10 4.8 1.77778
10 4 1.44444
7 4 2.16667
15 4.13333 3
24 4.33333 2.82609
3 2 1
19 4.63158 2.11111
22 4.45455 1.66667
31 4.64516 3.26667
20 4.5 2.31579
7 4.28571 1.66667
7 4 1.5
9 4 1.625
11 4.18182 2.2
4 2.5 1
10 3.8 1.77778
11 4.18182 2.8
26 4.69231 4.84
34 4.64706 3.27273
11 4.18182 2.1
8 3.75 1.28571
18 4.44444 2.47059
30 5.06667 2.96552
21 4.47619 3.05
36 5.16667 4.08571
15 5.33333 3.92857
21 4.7619 3.6
36 5.05556 4.37143
5 4 1.75
13 4.15385 2.33333
35 4.74286 2.67647
8 4.25 1.57143
3 2 1
23 4.34783 2.54545
36 4.88889 3.94286
18 5 4.64706
6 3.66667 1.8
13 4.61538 1.91667
10 3.8 1.22222
9 4 1.625
8 3.5 1.14286
21 4.7619 3.2
26 5.07692 5.92
17 5.52941 2.4375
9 4 1.75
7 4 1.5
11 4.18182 1.6
17 4.35294 2.1875
11 4.18182 1.8
6 3.33333 1.2
7 4.28571 2.33333
7 4 2.16667
4 2.5 1
10 5.2 3.44444
15 4.66667 3.28571
24 5.08333 2.26087
7 4 1.5
14 4.57143 2.30769
19 4.63158 2.44444
14 4 1.61538
7 3.42857 1.16667
15 5.2 4.21429
27 6 3.46154
12 4.66667 2.72727
7 3.42857 1.16667
18 4.66667 2.64706
5 4 1.75
6 4 2
3 2 1
6 4 2
12 4.5 2.18182
9 4.22222 1.625
22 4.72727 3.52381
5 3.2 1.5
8 3.75 1.85714
9 4.22222 1.75
5 3.2 1.25
8 4 1.71429
16 4.625 2.53333
6 3.33333 1.4
12 4.33333 2
23 5.73913 4.72727
28 5.28571 2.92593
13 4.46154 2.75
10 4.2 1.77778
17 4.58824 1.9375
8 4.25 1.85714
8 3.75 1.71429
13 4.46154 1.75
6 3.66667 1.4
16 5.25 2.53333
14 4.42857 2.46154
12 4.66667 1.81818
24 4.41667 2.6087
17 4.94118 2.1875
3 2 1
20 5.6 3.36842
7 3.42857 1.33333
21 4.95238 4.65
12 4.33333 2.09091
4 2.5 1
16 5.25 2.66667
23 5.04348 2
7 4 1.83333
20 4.7 1.78947
12 5 2.90909
15 4.26667 1.71429
10 3.8 1.22222
12 5.33333 3.45455
6 4 1.6
9 3.77778 1.25
36 5.22222 5.02857
27 4.96296 4.57692
36 5.66667 3.51429
5 3.2 1.25
31 5.03226 6.13333
14 4.42857 1.53846
14 4.28571 1.84615
15 4.93333 2.21429
38 6.78947 5.91892
5 3.2 1.25
23 5.30435 3.04545
15 4.93333 3.92857
10 4.2 2.44444
34 5.47059 2.93939
12 4.16667 1.63636
27 4.51852 2.65385
28 5.14286 2.44444
5 3.2 1.25
28 5.5 2.7037
19 3.68421 1
11 4 1.5
12 4.66667 2.18182
8 5.75 2.42857
4 3 1.33333
13 4.76923 2.83333
26 5.15385 2.4
15 4.8 2.35714
21 5.04762 3.5
14 4.71429 2.53846
19 4.94737 2.94444
20 4.8 2.36842
6 3 1
21 4.57143 3.55
27 4.96296 4.69231
5 3.2 1.5
10 4.2 2.55556
19 4.42105 2.05556
23 4.78261 3.77273
5 3.2 1.25
18 5.11111 3.64706
17 4.47059 3.8125
11 4.54545 3.4
16 4.5 2.26667
8 4 1.85714
30 4.8 4.93103
22 4.27273 2.19048
52 5.30769 4.07843
45 4.88889 4.43182
18 4.44444 3.11765
21 4.47619 2.25
30 5.2 3.86207
31 5.09677 3
20 4.8 4.68421
5 4 1.75
17 4.70588 3.8125
24 5.08333 3.21739
12 4 2.18182
15 4.93333 2.64286
9 4.22222 2.125
21 5.14286 3.05
21 4.95238 3.2
18 4.77778 1.70588
14 5.42857 2.69231
8 4.25 2.28571
30 4.86667 4.48276
20 5.5 4.47368
48 5.33333 4.78723
27 5.33333 3.61538
20 4.7 3.15789
18 4.77778 2.82353
21 4.47619 3.65
10 4.6 2.88889
28 4.85714 1.74074
4 2.5 1.33333
8 4.75 1.85714
11 4 1.3
17 4.94118 4.25
32 5.25 3.51613
13 5.07692 3.41667
15 4.13333 2.07143
14 5.71429 3.23077
8 3.5 1.57143
6 4 1.8
7 3.71429 1.5
9 4.66667 2.25
20 4.7 2.31579
7 3.71429 1.5
6 3.66667 1.4
11 3.81818 1.3
14 5 3.84615
24 5.25 3.65217
15 4.8 3.21429
29 4.75862 5.53571
24 4.91667 3.69565
26 5 5.44
26 5.07692 2.64
4 2.5 1
21 4.7619 2.5
6 3.66667 1.8
6 4 1.6
10 4.2 1.88889
30 4.4 3.89655
25 4.48 2.66667
3 2 1
16 4.25 2.13333
19 4.94737 1.88889
13 4.30769 2.16667
20 4.7 2.21053
22 5.54545 5.80952
14 4.14286 1.38462
13 5.69231 2.41667
7 3.42857 1.33333
10 3.4 1
5 3.2 1.25
6 3.33333 1.2
6 3.33333 1.2
6 4 1.8
9 3.77778 1.25
3 2 1
8 3.5 1.14286
22 4.72727 1.90476
5 4 1.75
7 3.42857 1.5
24 5.16667 3.56522
5 3.2 1.25
12 4.66667 2.18182
6 3.66667 1.4
6 3.33333 1.2
6 3.33333 1.2
37 5.02703 3.91667
22 5.18182 3.95238
20 4.7 4.10526
10 4.8 2.22222
14 4.71429 2.38462
41 5.12195 3.15
18 5 3.05882
20 4.7 5.26316
24 4.83333 3.30435
9 3.77778 1.375
11 4.90909 3.1
32 4.875 3.6129
4 3 1.33333
22 5.18182 2.2381
12 4.83333 3.18182
31 4.3871 3.06667
4 3 1.33333
17 4.23529 2.4375
24 4.33333 2.91304
18 5.22222 2.64706
18 5.22222 3.70588
7 3.71429 2
16 5.375 2.86667
20 4.8 3.15789
14 4.57143 2.69231
13 4.15385 2.83333
35 4.45714 3.58824
25 6.16 5.41667
11 4 1.9
7 3.71429 1.83333
25 4.88 3.45833
29 4.89655 4.17857
4 3 1.33333
19 4.84211 2.77778
16 4.625 2.06667
16 4.375 2.4
27 4.14815 2.19231
17 4.47059 3.3125
12 4.33333 2
5 3.2 1.25
27 5.03704 4.19231
25 4.32 1.79167
30 4.73333 2.17241
20 4.3 3
13 4.46154 2.58333
56 4.75 4.2
17 4.70588 2.0625
23 4.6087 2.09091
3 2 1
15 4.8 1.78571
11 4.36364 2.5
31 5.09677 6.26667
22 5.27273 2.95238
26 5 3.48
23 4.43478 2.59091
25 5.6 3.5
34 5.17647 2.54545
12 4.16667 1.54545
17 5.17647 2.125
12 5.16667 2.81818
11 4.36364 2.7
19 4.84211 3.83333
4 2.5 1
29 5.58621 3.32143
14 4.57143 2.84615
32 4.9375 4.93548
6 4 1.6
7 3.14286 1.83333
10 4 2.22222
5 2.8 1.75
5 3.2 1.5
14 4.85714 3.30769
28 5.57143 3.11111
31 4.32258 1.86667
12 3.66667 1.36364
21 4.47619 3.25
8 3.5 1.28571
27 4.44444 2
5 2.8 1.25
17 4.58824 1.875
15 4.13333 1.71429
16 4.5 1.6
10 3.8 1.22222
6 4 1.6
12 3.83333 1.27273
4 2.5 1
5 3.2 1.5
10 4.2 1.44444
6 3.33333 1.4
6 4 1.8
5 3.2 1.25
28 5 2.37037
5 3.2 1.5
5 2.8 1
27 4.14815 1.23077
35 4.97143 3.08824
34 4.41176 2.09091
20 4.4 2.21053
49 5.18367 3.6875
53 5.01887 5.23077
4 2.5 1
19 4.52632 2.05556
44 5.04545 4
8 3.5 1.28571
10 3.8 1.22222
10 3.8 1.88889
20 4.3 2.63158
26 4.53846 2.36
8 3.75 1.28571
13 3.84615 1.16667
5 2.8 1
13 4.61538 1.91667
27 4.51852 2.92308
7 3.71429 1.33333
10 4 1.33333
15 4.4 2.07143
8 3.75 1.42857
9 4 2.125
10 4 1.66667
7 4 1.83333
16 4.75 2.46667
12 4.33333 2
6 4 1.8
8 4.25 2.14286
8 3.5 1.14286
21 4.7619 2.45
15 4.13333 1.92857
5 3.2 1.25
7 3.71429 1.66667
5 4 1.75
26 4.69231 2.32
25 4.56 5.25
7 4.28571 1.66667
18 4.55556 3.76471
7 3.42857 1.33333
32 4.625 1.58065
17 4.58824 3.75
35 4.97143 3.61765
15 4.4 2.14286
16 4.5 2.53333
8 4 1.42857
25 4.96 5.45833
21 4.57143 3.8
17 4.11765 1.75
15 4.53333 1.92857
31 4.32258 1.96667
5 2.8 1
26 4.53846 2.48
6 3.33333 1.2
28 4.78571 1.88889
15 4.53333 2.07143
9 4 1.375
24 4.33333 2
21 4.28571 2.2
27 4.2963 2.11538
31 4.58065 2.6
5 3.2 1.25
32 4.8125 3.19355
11 4 1.4
10 4.6 2.11111
10 4.6 2.22222
8 4 2
20 4.6 2.94737
26 4.15385 2.56
46 4.3913 4.62222
26 4.38462 3.8
27 4.66667 3.84615
33 4.54545 4
25 4.4 2.75
12 5 3.54545
37 4.7027 2.05556
30 4.6 3.55172
24 4.41667 4.47826
28 4.57143 2.03704
25 4.48 2.04167
5 3.2 1.5
21 4.66667 2.45
23 4.95652 2.18182
25 4.8 2.625
28 5 2.85185
5 3.2 1.5
17 4 1.1875
6 3.66667 1.4
12 3.83333 1.72727
6 3 1
7 4 1.66667
17 5.17647 3.75
7 4.85714 2.16667
20 4.3 2.52632
49 4.73469 3.45833
24 4.58333 3.65217
14 4 2.15385
30 4.4 1.82759
18 4.55556 3
34 4.88235 2.54545
25 4.32 2.625
22 4.90909 3.52381
15 4.8 2.71429
36 4.61111 4.62857
18 5 4.17647
35 4.4 2.97059
13 4 2.16667
20 4.2 2.36842
17 4.47059 2.3125
17 5.29412 2.875
21 4.95238 2.35
14 5.85714 2.61538
10 4 2
3 2 1
7 4.85714 2.5
18 5 4.11765
19 5.05263 3.61111
14 4.28571 2.38462
24 4.66667 3.3913
22 4.72727 2.33333
11 4 1.8
15 4.26667 2.35714
9 4.22222 2
32 4.625 2.51613
8 4.75 2.28571
10 4.8 2.88889
8 4 1.85714
26 4.46154 2.4
12 5 2.36364
29 4.62069 2.07143
37 4.48649 3.44444
10 3.8 1.88889
31 4.51613 3.16667
23 5.04348 4.04545
9 4.22222 2.75
28 4.64286 2.62963
9 3.77778 2
13 4.15385 2.58333
20 4.5 2.42105
18 5.11111 2.70588
16 4.625 3.93333
22 4.54545 2
8 4 2.14286
16 4.5 3.06667
9 3.77778 1.875
27 4.74074 2.65385
20 4.6 3.57895
30 4.53333 2.17241
12 4.33333 1.54545
11 4.18182 2
10 3.8 2.22222
6 3.33333 1.2
22 4.27273 2.2381
17 4.35294 1.6875
7 3.14286 1
27 4.81481 2.53846
18 4.22222 1.76471
20 4.4 2.15789
35 4.57143 3.97059
26 4.92308 2.68
12 4.83333 2.09091
15 4.66667 2.85714
26 4.46154 2.12
13 4.30769 2.5
12 4.66667 2.72727
11 4.72727 2.3
24 4.58333 2.78261
13 4.30769 2.83333
46 4.6087 4.11111
18 4.88889 2.29412
17 4.23529 2.6875
32 4.5 3.80645
35 4.28571 2.97059
27 4.37037 2.84615
22 4.54545 4.28571
21 4.28571 1.95
10 3.6 1.22222
19 4.73684 2.55556
9 4.22222 2.5
16 4.25 3
34 4.64706 4.15152
38 4.36842 1.86486
33 4.30303 2.90625
14 4.85714 2.46154
6 3.33333 1.4
35 4.51429 2.02941
13 4.92308 2.25
25 4.64 3.625
22 4.36364 2
16 4 1.26667
14 5 2.07692
6 3.33333 1.4
27 4.2963 3.07692
17 4.23529 1.5
4 2.5 1
